0, 	2.293787, 	14.700000
1, 	2.280690, 	16.469999
2, 	2.261406, 	17.309999
3, 	2.227140, 	18.750000
4, 	2.153490, 	29.849998
5, 	1.975145, 	46.779999
6, 	1.603696, 	56.410000
7, 	1.237652, 	61.059998
8, 	1.045894, 	63.340000
9, 	0.954579, 	65.019997
10, 	0.904266, 	66.540001
11, 	0.871915, 	67.580002
12, 	0.847282, 	68.449997
13, 	0.827979, 	69.080002
14, 	0.812282, 	69.949997
15, 	0.797728, 	70.689995
16, 	0.785593, 	71.080002
17, 	0.775515, 	71.379997
18, 	0.764650, 	72.159996
19, 	0.756065, 	72.500000
20, 	0.746734, 	72.790001
21, 	0.739199, 	73.290001
22, 	0.730991, 	73.369995
23, 	0.723481, 	73.669998
24, 	0.716123, 	74.220001
25, 	0.709637, 	74.519997
26, 	0.702871, 	74.589996
27, 	0.696223, 	75.089996
28, 	0.689450, 	75.250000
29, 	0.683309, 	75.419998
