0, 	2.109439, 	56.100002
1, 	1.278188, 	70.750000
2, 	0.982628, 	76.200005
3, 	0.826671, 	79.300003
4, 	0.726008, 	81.500008
5, 	0.655395, 	83.150002
6, 	0.599676, 	84.150002
7, 	0.555169, 	85.350006
8, 	0.515486, 	86.500008
9, 	0.484933, 	87.050003
10, 	0.458170, 	87.650002
11, 	0.435774, 	88.100006
12, 	0.416132, 	88.600006
13, 	0.399905, 	88.800003
14, 	0.385632, 	89.150002
15, 	0.373068, 	89.550003
16, 	0.362017, 	90.050003
17, 	0.352147, 	90.400002
18, 	0.343715, 	90.650002
19, 	0.335589, 	91.150002
20, 	0.327955, 	91.300003
21, 	0.320814, 	91.450005
22, 	0.315093, 	91.600006
23, 	0.308867, 	91.800003
24, 	0.303718, 	91.800003
25, 	0.298882, 	92.000008
26, 	0.293564, 	92.200005
27, 	0.288608, 	92.400002
28, 	0.284915, 	92.450005
29, 	0.280626, 	92.600006
