0, 	2.196619, 	51.600002
1, 	1.260734, 	67.250000
2, 	0.947564, 	73.700005
3, 	0.779705, 	77.950005
4, 	0.670038, 	81.450005
5, 	0.595070, 	83.300003
6, 	0.542924, 	84.350006
7, 	0.504877, 	85.750008
8, 	0.470378, 	86.650002
9, 	0.445242, 	87.550003
10, 	0.423416, 	88.350006
11, 	0.405402, 	89.250008
12, 	0.387111, 	89.800003
13, 	0.372467, 	90.100006
14, 	0.360932, 	90.550003
15, 	0.347753, 	90.850006
16, 	0.339864, 	90.750008
17, 	0.331526, 	90.950005
18, 	0.324705, 	91.600006
19, 	0.316966, 	91.550003
20, 	0.307937, 	91.850006
21, 	0.301716, 	92.000008
22, 	0.294519, 	92.250008
23, 	0.290872, 	92.500008
24, 	0.284697, 	92.750008
25, 	0.280948, 	92.750008
26, 	0.275344, 	92.600006
27, 	0.271218, 	92.850006
28, 	0.268633, 	92.850006
29, 	0.265032, 	93.100006
