0, 	2.431709, 	49.150002
1, 	1.321770, 	66.750000
2, 	1.017299, 	73.350006
3, 	0.858167, 	77.400002
4, 	0.764112, 	79.850006
5, 	0.696397, 	81.550003
6, 	0.644535, 	82.950005
7, 	0.604301, 	84.050003
8, 	0.569464, 	84.800003
9, 	0.544504, 	85.250008
10, 	0.524783, 	85.700005
11, 	0.502644, 	86.250008
12, 	0.482293, 	87.300003
13, 	0.467360, 	87.550003
14, 	0.448949, 	88.000008
15, 	0.437856, 	88.250008
16, 	0.429298, 	88.550003
17, 	0.415905, 	89.100006
18, 	0.406362, 	89.450005
19, 	0.396872, 	89.800003
20, 	0.388066, 	89.900002
21, 	0.379795, 	90.050003
22, 	0.373667, 	90.100006
23, 	0.365406, 	90.300003
24, 	0.358983, 	90.650002
25, 	0.354520, 	90.750008
26, 	0.346075, 	90.700005
27, 	0.342331, 	90.800003
28, 	0.336876, 	91.100006
29, 	0.332051, 	91.050003
