0, 	2.295507, 	9.929999
1, 	2.284704, 	13.380000
2, 	2.269731, 	21.049999
3, 	2.245575, 	32.880001
4, 	2.201708, 	33.619999
5, 	2.109786, 	38.799999
6, 	1.894877, 	50.939999
7, 	1.503331, 	56.369999
8, 	1.193187, 	61.639999
9, 	1.034181, 	63.820000
10, 	0.950221, 	64.849998
11, 	0.899484, 	66.639999
12, 	0.865187, 	67.629997
13, 	0.840200, 	69.070000
14, 	0.819918, 	69.709999
15, 	0.802379, 	70.409996
16, 	0.787900, 	71.129997
17, 	0.774850, 	71.639999
18, 	0.762449, 	72.199997
19, 	0.751610, 	72.939995
20, 	0.741861, 	73.419998
21, 	0.731900, 	73.680000
22, 	0.723459, 	73.930000
23, 	0.714814, 	74.189995
24, 	0.706593, 	74.400002
25, 	0.699838, 	74.830002
26, 	0.693121, 	74.799995
27, 	0.686350, 	75.229996
28, 	0.680602, 	75.509995
29, 	0.675603, 	75.570000
