0, 	2.298787, 	10.020000
1, 	2.290214, 	15.379999
2, 	2.279048, 	27.830000
3, 	2.262004, 	34.139999
4, 	2.231612, 	36.829998
5, 	2.174010, 	38.430000
6, 	2.053284, 	42.029999
7, 	1.791416, 	52.509998
8, 	1.422863, 	58.660000
9, 	1.168592, 	62.239998
10, 	1.030992, 	64.139999
11, 	0.952446, 	65.639999
12, 	0.899259, 	67.269997
13, 	0.859935, 	68.839996
14, 	0.828444, 	69.939995
15, 	0.803792, 	71.070000
16, 	0.782326, 	71.629997
17, 	0.763700, 	72.559998
18, 	0.747317, 	72.970001
19, 	0.734221, 	73.540001
20, 	0.720735, 	74.029999
21, 	0.710025, 	74.629997
22, 	0.701070, 	74.860001
23, 	0.692336, 	75.110001
24, 	0.684877, 	75.610001
25, 	0.678019, 	75.419998
26, 	0.672142, 	75.860001
27, 	0.666830, 	75.839996
28, 	0.661363, 	76.119995
29, 	0.656609, 	76.229996
