0, 	2.295417, 	10.599999
1, 	2.285768, 	11.570000
2, 	2.272510, 	18.939999
3, 	2.251685, 	32.340000
4, 	2.216028, 	35.549999
5, 	2.145757, 	41.250000
6, 	1.987438, 	47.180000
7, 	1.663997, 	53.709999
8, 	1.310737, 	60.519997
9, 	1.096864, 	62.739998
10, 	0.984685, 	64.369995
11, 	0.921409, 	65.869995
12, 	0.881937, 	67.000000
13, 	0.853575, 	68.049995
14, 	0.831200, 	69.269997
15, 	0.813445, 	70.059998
16, 	0.797645, 	70.830002
17, 	0.783778, 	71.599998
18, 	0.771918, 	71.779999
19, 	0.760952, 	72.449997
20, 	0.750039, 	72.750000
21, 	0.741003, 	73.229996
22, 	0.731767, 	73.799995
23, 	0.723184, 	74.089996
24, 	0.715170, 	74.479996
25, 	0.707698, 	74.709999
26, 	0.701063, 	75.059998
27, 	0.694239, 	75.180000
28, 	0.687945, 	75.409996
29, 	0.682575, 	75.439995
