0, 	3.137390, 	38.350002
1, 	1.777695, 	55.250004
2, 	1.253826, 	66.750000
3, 	1.056079, 	72.250000
4, 	0.926476, 	75.800003
5, 	0.815964, 	77.750000
6, 	0.739308, 	80.050003
7, 	0.740175, 	80.700005
8, 	0.658182, 	82.100006
9, 	0.618435, 	83.000008
10, 	0.574401, 	83.850006
11, 	0.557609, 	84.300003
12, 	0.527019, 	85.400002
13, 	0.514589, 	85.750008
14, 	0.500342, 	86.250008
15, 	0.481593, 	86.900002
16, 	0.477453, 	86.850006
17, 	0.478577, 	87.250008
18, 	0.449579, 	87.250008
19, 	0.450729, 	87.750008
20, 	0.402521, 	89.000008
21, 	0.400096, 	88.900002
22, 	0.409696, 	88.850006
23, 	0.391108, 	89.100006
24, 	0.380520, 	89.800003
25, 	0.368993, 	89.650002
26, 	0.376327, 	90.050003
27, 	0.367876, 	90.400002
28, 	0.354816, 	90.350006
29, 	0.365808, 	90.000008
