0, 	2.358837, 	50.650002
1, 	1.347533, 	64.300003
2, 	1.022536, 	71.350006
3, 	0.847312, 	75.850006
4, 	0.733806, 	79.000000
5, 	0.655511, 	81.450005
6, 	0.599982, 	83.100006
7, 	0.556875, 	84.300003
8, 	0.524153, 	85.450005
9, 	0.496959, 	86.200005
10, 	0.473928, 	86.850006
11, 	0.453042, 	87.300003
12, 	0.435788, 	87.500008
13, 	0.420109, 	88.050003
14, 	0.407341, 	88.550003
15, 	0.395849, 	89.000008
16, 	0.385080, 	89.300003
17, 	0.375175, 	89.400002
18, 	0.366790, 	89.750008
19, 	0.358488, 	89.950005
20, 	0.350818, 	90.050003
21, 	0.343283, 	90.350006
22, 	0.336914, 	90.500008
23, 	0.331161, 	90.700005
24, 	0.325641, 	91.150002
25, 	0.320558, 	91.350006
26, 	0.315670, 	91.550003
27, 	0.311225, 	91.600006
28, 	0.306933, 	91.700005
29, 	0.303338, 	91.800003
