0, 	2.281252, 	15.910000
1, 	2.249621, 	26.449999
2, 	2.190652, 	36.309998
3, 	2.049866, 	42.779999
4, 	1.706553, 	57.099998
5, 	1.291482, 	61.379997
6, 	1.060427, 	64.139999
7, 	0.955258, 	64.760002
8, 	0.900828, 	66.080002
9, 	0.865323, 	68.089996
10, 	0.844947, 	68.610001
11, 	0.823671, 	69.879997
12, 	0.811924, 	69.949997
13, 	0.794590, 	71.089996
14, 	0.782262, 	71.639999
15, 	0.776473, 	71.729996
16, 	0.768735, 	71.739998
17, 	0.760736, 	71.650002
18, 	0.747898, 	73.009995
19, 	0.740838, 	73.159996
20, 	0.730779, 	73.449997
21, 	0.726318, 	73.650002
22, 	0.722882, 	74.000000
23, 	0.715275, 	74.080002
24, 	0.718632, 	73.320000
25, 	0.710019, 	73.629997
26, 	0.704594, 	73.720001
27, 	0.698911, 	74.220001
28, 	0.689129, 	75.330002
29, 	0.685915, 	75.290001
