0, 	2.562605, 	47.400002
1, 	1.501903, 	63.000004
2, 	1.138195, 	71.150002
3, 	0.939156, 	75.850006
4, 	0.815884, 	79.200005
5, 	0.732840, 	81.250008
6, 	0.667287, 	82.750008
7, 	0.618878, 	83.950005
8, 	0.580379, 	84.900002
9, 	0.547646, 	85.650002
10, 	0.520430, 	86.400002
11, 	0.496813, 	87.400002
12, 	0.477294, 	87.900002
13, 	0.460533, 	88.300003
14, 	0.446406, 	88.600006
15, 	0.432667, 	88.850006
16, 	0.421438, 	89.150002
17, 	0.410845, 	89.400002
18, 	0.400235, 	89.500008
19, 	0.390610, 	89.850006
20, 	0.381377, 	90.150002
21, 	0.373802, 	90.400002
22, 	0.366323, 	90.500008
23, 	0.358935, 	90.500008
24, 	0.352502, 	90.750008
25, 	0.346480, 	91.000008
26, 	0.340698, 	91.050003
27, 	0.334961, 	91.200005
28, 	0.330345, 	91.350006
29, 	0.325207, 	91.500008
