0, 	2.286687, 	26.639999
1, 	2.261462, 	34.259998
2, 	2.216592, 	39.239998
3, 	2.120741, 	40.689999
4, 	1.898133, 	49.910000
5, 	1.525240, 	59.090000
6, 	1.211507, 	61.329998
7, 	1.043832, 	63.699997
8, 	0.954908, 	65.729996
9, 	0.903768, 	67.159996
10, 	0.870507, 	67.849998
11, 	0.844520, 	69.239998
12, 	0.824837, 	69.599998
13, 	0.808861, 	70.409996
14, 	0.794383, 	70.720001
15, 	0.781712, 	71.209999
16, 	0.770111, 	71.860001
17, 	0.760341, 	72.059998
18, 	0.750018, 	72.869995
19, 	0.741542, 	73.049995
20, 	0.732967, 	73.709999
21, 	0.724682, 	73.930000
22, 	0.717028, 	74.159996
23, 	0.709734, 	74.689995
24, 	0.703205, 	74.889999
25, 	0.696531, 	75.000000
26, 	0.690054, 	75.299995
27, 	0.683680, 	75.680000
28, 	0.678592, 	75.989998
29, 	0.672488, 	76.040001
