0, 	17.437438, 	13.650001
1, 	18.530397, 	12.650001
2, 	19.590475, 	12.600000
3, 	20.088458, 	13.850000
4, 	20.430803, 	15.300001
5, 	19.956270, 	15.850000
6, 	19.727434, 	16.250000
7, 	18.945513, 	16.600000
8, 	19.204977, 	17.850000
9, 	17.901750, 	18.650002
10, 	16.646804, 	18.700001
11, 	15.635242, 	19.700001
12, 	14.525203, 	21.050001
13, 	13.792989, 	22.550001
14, 	12.873848, 	24.800001
15, 	12.625197, 	26.300001
16, 	11.882864, 	29.250002
17, 	12.324919, 	29.350002
18, 	11.621870, 	31.150002
19, 	11.627917, 	32.650002
20, 	11.461964, 	34.250000
21, 	10.572428, 	36.100002
22, 	10.738735, 	35.800003
23, 	11.602006, 	34.550003
24, 	10.517475, 	37.100002
25, 	10.826739, 	36.300003
26, 	10.708762, 	36.750000
27, 	9.316709, 	37.600002
28, 	10.794472, 	36.750000
29, 	9.184159, 	38.100002
