0, 	2.295943, 	10.020000
1, 	2.284328, 	16.279999
2, 	2.266758, 	22.100000
3, 	2.234457, 	28.429998
4, 	2.165519, 	37.899998
5, 	2.001047, 	45.239998
6, 	1.632235, 	58.619999
7, 	1.244398, 	61.739998
8, 	1.044692, 	63.419998
9, 	0.945809, 	65.479996
10, 	0.889985, 	67.099998
11, 	0.854382, 	68.479996
12, 	0.827568, 	69.169998
13, 	0.804663, 	70.449997
14, 	0.786552, 	71.019997
15, 	0.770090, 	71.909996
16, 	0.754798, 	72.729996
17, 	0.742131, 	73.459999
18, 	0.730519, 	74.070000
19, 	0.719854, 	73.909996
20, 	0.710618, 	74.339996
21, 	0.702497, 	74.500000
22, 	0.694439, 	74.580002
23, 	0.688476, 	75.309998
24, 	0.682567, 	75.269997
25, 	0.676078, 	75.610001
26, 	0.671069, 	75.860001
27, 	0.667379, 	75.759995
28, 	0.662182, 	76.099998
29, 	0.657332, 	76.129997
