0, 	2.301726, 	17.619999
1, 	2.300387, 	17.129999
2, 	2.295160, 	18.629999
3, 	2.290859, 	20.539999
4, 	2.283001, 	23.539999
5, 	2.272839, 	22.980000
6, 	2.230753, 	32.880001
7, 	2.162048, 	31.340000
8, 	2.001881, 	37.629997
9, 	1.648052, 	52.590000
10, 	1.298580, 	58.639999
11, 	1.109603, 	62.129997
12, 	1.005242, 	64.239998
13, 	0.958321, 	65.279999
14, 	0.934158, 	65.709999
15, 	0.911507, 	66.500000
16, 	0.902086, 	66.459999
17, 	0.887459, 	66.979996
18, 	0.872237, 	67.529999
19, 	0.867547, 	67.509995
20, 	0.856743, 	67.909996
21, 	0.843805, 	68.519997
22, 	0.845058, 	68.379997
23, 	0.837781, 	68.739998
24, 	0.843465, 	68.409996
25, 	0.848044, 	68.110001
26, 	0.835395, 	68.939995
27, 	0.840866, 	68.669998
28, 	0.835814, 	68.659996
29, 	0.840127, 	68.470001
