0, 	7.482818, 	21.600000
1, 	10.855694, 	12.350000
2, 	7.958439, 	17.250000
3, 	12.036782, 	12.250001
4, 	12.985197, 	11.800000
5, 	10.654215, 	15.050001
6, 	13.545019, 	12.350000
7, 	10.592211, 	17.150002
8, 	10.739675, 	17.650002
9, 	10.445649, 	19.500000
10, 	13.587453, 	15.200001
11, 	13.871373, 	14.750001
12, 	7.840352, 	24.800001
13, 	7.673332, 	25.550001
14, 	10.327895, 	20.500002
15, 	5.043630, 	37.300003
16, 	9.848951, 	21.900002
17, 	4.656121, 	40.050003
18, 	12.651059, 	19.300001
19, 	5.683218, 	37.750000
20, 	9.115771, 	26.800001
21, 	5.932954, 	37.450001
22, 	6.140646, 	38.450001
23, 	4.121227, 	46.900002
24, 	8.479453, 	31.950001
25, 	5.471224, 	42.050003
26, 	8.604132, 	31.900002
27, 	8.195918, 	33.100002
28, 	5.652185, 	41.700001
29, 	8.515284, 	33.100002
