0, 	13.481671, 	20.600000
1, 	18.048828, 	15.350000
2, 	20.954353, 	13.050000
3, 	20.947018, 	16.800001
4, 	22.088045, 	16.850000
5, 	22.883877, 	16.400002
6, 	23.015789, 	15.550001
7, 	31.013222, 	12.650001
8, 	21.535853, 	16.100000
9, 	28.174948, 	13.500001
10, 	20.545211, 	16.150002
11, 	25.925819, 	13.450001
12, 	23.069232, 	14.550001
13, 	23.730442, 	13.800000
14, 	22.829279, 	14.150001
15, 	23.029806, 	14.200001
16, 	19.080826, 	15.650001
17, 	20.576089, 	15.700001
18, 	17.875292, 	16.950001
19, 	15.879948, 	18.800001
20, 	19.186256, 	18.450001
21, 	13.390024, 	21.850000
22, 	24.225758, 	17.850000
23, 	9.436433, 	27.700001
24, 	21.001824, 	19.650002
25, 	9.838678, 	29.350002
26, 	20.429721, 	23.100000
27, 	9.591553, 	32.350002
28, 	21.537380, 	22.400002
29, 	8.196281, 	30.000002
