0, 	2.313710, 	2.250000
1, 	2.322444, 	0.780000
2, 	2.331563, 	0.310000
3, 	2.335090, 	0.250000
4, 	2.336691, 	0.250000
5, 	2.331932, 	0.260000
6, 	2.322369, 	2.720000
7, 	2.307374, 	4.580000
8, 	2.279033, 	11.880000
9, 	2.222418, 	19.410000
10, 	2.089150, 	28.799999
11, 	1.772195, 	51.480000
12, 	1.397421, 	59.439999
13, 	1.167007, 	61.949997
14, 	1.056040, 	63.139999
15, 	1.000530, 	63.549999
16, 	0.972709, 	63.889999
17, 	0.951675, 	64.449997
18, 	0.936153, 	64.820000
19, 	0.934452, 	64.729996
20, 	0.925053, 	64.979996
21, 	0.920931, 	65.209999
22, 	0.914879, 	65.269997
23, 	0.914831, 	65.299995
24, 	0.915526, 	65.459999
25, 	0.913764, 	65.540001
26, 	0.918886, 	65.320000
27, 	0.922323, 	65.419998
28, 	0.927534, 	65.409996
29, 	0.937121, 	65.459999
