0, 	1.883000, 	55.100002
1, 	1.189351, 	68.850006
2, 	0.932291, 	74.700005
3, 	0.775402, 	78.850006
4, 	0.666635, 	81.600006
5, 	0.599445, 	84.200005
6, 	0.547692, 	85.200005
7, 	0.510587, 	86.700005
8, 	0.491041, 	86.350006
9, 	0.465820, 	87.300003
10, 	0.441301, 	87.750008
11, 	0.423086, 	88.550003
12, 	0.420457, 	88.700005
13, 	0.390919, 	88.700005
14, 	0.394027, 	88.950005
15, 	0.394552, 	89.350006
16, 	0.406361, 	88.700005
17, 	0.368465, 	89.750008
18, 	0.385520, 	89.600006
19, 	0.378291, 	89.950005
20, 	0.351230, 	90.100006
21, 	0.360703, 	90.050003
22, 	0.345561, 	90.600006
23, 	0.346332, 	90.500008
24, 	0.328814, 	90.900002
25, 	0.327241, 	91.000008
26, 	0.313224, 	91.850006
27, 	0.329367, 	91.250008
28, 	0.322525, 	91.250008
29, 	0.337598, 	91.000008
