0, 	6.446577, 	18.700001
1, 	6.452394, 	18.300001
2, 	5.039579, 	25.300001
3, 	4.671928, 	27.450001
4, 	7.387307, 	15.950001
5, 	6.369008, 	20.850000
6, 	6.093171, 	22.250002
7, 	6.014142, 	23.700001
8, 	3.191672, 	42.750004
9, 	5.084124, 	29.700001
10, 	2.217189, 	55.000004
11, 	3.401556, 	42.900002
12, 	7.290907, 	24.900002
13, 	5.677918, 	31.550001
14, 	2.750376, 	52.000004
15, 	4.991084, 	37.800003
16, 	8.012803, 	27.450001
17, 	2.709264, 	53.400002
18, 	5.041342, 	40.250004
19, 	5.689544, 	37.650002
20, 	5.886584, 	38.200001
21, 	3.810347, 	48.600002
22, 	5.569948, 	40.450001
23, 	8.352156, 	34.150002
24, 	5.644896, 	42.400002
25, 	5.786658, 	42.450001
26, 	5.614335, 	43.700001
27, 	3.866718, 	51.100002
28, 	1.907518, 	64.900002
29, 	5.002648, 	48.050003
