0, 	1.987171, 	55.350002
1, 	1.281407, 	67.200005
2, 	1.026341, 	72.750000
3, 	0.883246, 	76.700005
4, 	0.785095, 	79.500000
5, 	0.718842, 	81.050003
6, 	0.655679, 	82.550003
7, 	0.606276, 	84.200005
8, 	0.580446, 	84.500008
9, 	0.554727, 	85.350006
10, 	0.532792, 	85.800003
11, 	0.512981, 	86.000008
12, 	0.497591, 	86.300003
13, 	0.478522, 	86.750008
14, 	0.461333, 	87.250008
15, 	0.453061, 	87.300003
16, 	0.443376, 	87.800003
17, 	0.430685, 	87.800003
18, 	0.422610, 	88.050003
19, 	0.414937, 	88.400002
20, 	0.407455, 	88.550003
21, 	0.398845, 	88.850006
22, 	0.389996, 	89.150002
23, 	0.378976, 	89.750008
24, 	0.375361, 	89.950005
25, 	0.370492, 	90.000008
26, 	0.366008, 	89.950005
27, 	0.356375, 	90.000008
28, 	0.355990, 	90.200005
29, 	0.353738, 	90.350006
