0, 	3.937326, 	37.766666
1, 	3.296776, 	44.116665
2, 	3.472855, 	45.316666
3, 	3.932415, 	44.774998
4, 	4.257289, 	44.866665
5, 	4.833510, 	43.416668
6, 	5.284649, 	42.924999
7, 	5.583460, 	43.291668
8, 	5.953516, 	43.349998
9, 	6.415205, 	43.258331
10, 	6.727062, 	43.666668
11, 	7.549810, 	42.299999
12, 	7.372899, 	43.983334
13, 	8.202487, 	42.916668
14, 	7.992442, 	44.750000
15, 	7.864340, 	45.833332
16, 	7.807504, 	46.641666
17, 	8.386207, 	45.983334
18, 	9.158085, 	44.991665
19, 	8.014188, 	48.125000
20, 	8.627117, 	47.008331
21, 	7.949755, 	50.075001
22, 	8.338871, 	49.591667
23, 	8.027700, 	50.450001
24, 	8.594201, 	49.766666
25, 	7.994211, 	51.500000
26, 	8.570268, 	51.024998
27, 	8.127722, 	52.641666
28, 	8.031303, 	53.849998
29, 	8.126256, 	53.883331
