0, 	2.622447, 	48.549999
1, 	2.205884, 	53.908333
2, 	2.320172, 	53.441666
3, 	2.518956, 	52.849998
4, 	2.098186, 	58.849998
5, 	1.556456, 	67.358330
6, 	2.863900, 	54.591667
7, 	3.490151, 	51.383331
8, 	5.479420, 	41.716667
9, 	4.195734, 	49.166668
10, 	3.010920, 	58.433334
11, 	2.902884, 	60.608334
12, 	6.856509, 	40.700001
13, 	3.342044, 	59.008331
14, 	3.447254, 	59.524998
15, 	3.080585, 	62.491665
16, 	3.434924, 	60.816666
17, 	8.386606, 	40.441666
18, 	5.251901, 	52.125000
19, 	3.432712, 	62.308334
20, 	3.397883, 	63.366665
21, 	5.039148, 	56.008331
22, 	3.094037, 	65.974998
23, 	3.161435, 	66.191666
24, 	4.881908, 	58.274998
25, 	7.782690, 	48.566666
26, 	7.396597, 	49.549999
27, 	7.130162, 	51.083332
28, 	7.226049, 	51.033333
29, 	1.552052, 	77.933334
