0, 	8.053542, 	22.758333
1, 	7.935044, 	24.199999
2, 	8.792017, 	23.600000
3, 	10.081159, 	22.866667
4, 	18.201986, 	14.566667
5, 	11.394439, 	22.616667
6, 	10.466355, 	25.591667
7, 	11.571944, 	24.283333
8, 	11.373670, 	24.941666
9, 	13.236483, 	22.400000
10, 	13.946578, 	21.750000
11, 	14.062068, 	21.983334
12, 	13.642248, 	24.158333
13, 	15.939051, 	21.299999
14, 	12.827519, 	27.533333
15, 	15.231168, 	24.966667
16, 	13.010568, 	28.916666
17, 	15.472647, 	25.758333
18, 	15.371830, 	26.658333
19, 	14.266710, 	28.891666
20, 	14.487304, 	29.525000
21, 	15.462282, 	29.166666
22, 	14.082277, 	31.458332
23, 	16.320282, 	29.799999
24, 	18.448917, 	27.358334
25, 	13.588379, 	33.433334
26, 	15.272465, 	32.325001
27, 	14.665010, 	34.875000
28, 	13.327120, 	37.774998
29, 	29.021764, 	25.408333
