0, 	0.809605, 	79.324997
1, 	0.535270, 	86.041664
2, 	0.452951, 	88.166664
3, 	0.391790, 	89.574997
4, 	0.359146, 	90.666664
5, 	0.339860, 	91.250000
6, 	0.318353, 	91.708336
7, 	0.304634, 	92.074997
8, 	0.293526, 	92.299995
9, 	0.280406, 	92.766663
10, 	0.279546, 	92.658333
11, 	0.264865, 	93.191666
12, 	0.254302, 	93.366669
13, 	0.248101, 	93.541664
14, 	0.241744, 	93.666664
15, 	0.233084, 	94.108330
16, 	0.227552, 	94.133331
17, 	0.224044, 	94.233330
18, 	0.218504, 	94.308334
19, 	0.215829, 	94.508331
20, 	0.209594, 	94.608330
21, 	0.210545, 	94.583336
22, 	0.207429, 	94.666664
23, 	0.200253, 	94.783333
24, 	0.203868, 	94.858330
25, 	0.203203, 	94.791664
26, 	0.201578, 	94.949997
27, 	0.198189, 	95.008331
28, 	0.196450, 	94.958336
29, 	0.192964, 	95.158333
