0, 	1.410882, 	66.841667
1, 	0.984915, 	75.750000
2, 	1.291708, 	70.841667
3, 	1.972516, 	61.966667
4, 	1.330951, 	71.266663
5, 	1.609345, 	68.091667
6, 	1.311528, 	72.824997
7, 	1.272020, 	74.324997
8, 	1.139611, 	76.791664
9, 	1.236662, 	75.516663
10, 	2.486751, 	61.966667
11, 	1.476018, 	73.191666
12, 	1.928736, 	68.283333
13, 	2.069698, 	67.591667
14, 	1.117180, 	78.516663
15, 	1.021694, 	79.799995
16, 	1.969909, 	69.875000
17, 	3.449463, 	59.575001
18, 	2.436800, 	66.991669
19, 	2.368850, 	67.866669
20, 	2.364176, 	68.375000
21, 	2.461864, 	67.974998
22, 	2.497373, 	68.041664
23, 	2.527381, 	67.916664
24, 	4.167934, 	58.766666
25, 	2.646345, 	67.949997
26, 	1.630287, 	75.758331
27, 	2.445257, 	70.224998
28, 	2.627061, 	69.300003
29, 	1.637003, 	76.508331
