0, 	1.637694, 	62.900002
1, 	0.738675, 	79.450005
2, 	0.521912, 	85.250008
3, 	0.442430, 	87.700005
4, 	0.407110, 	89.150002
5, 	0.382317, 	90.000008
6, 	0.369419, 	90.250008
7, 	0.360343, 	90.400002
8, 	0.343703, 	90.800003
9, 	0.331669, 	91.150002
10, 	0.321447, 	91.700005
11, 	0.313866, 	91.750008
12, 	0.310343, 	91.950005
13, 	0.307096, 	91.950005
14, 	0.303006, 	92.000008
15, 	0.301786, 	92.150002
16, 	0.300779, 	92.250008
17, 	0.298726, 	92.300003
18, 	0.297532, 	92.250008
19, 	0.295480, 	92.400002
20, 	0.295293, 	92.350006
21, 	0.294024, 	92.550003
22, 	0.295141, 	92.850006
23, 	0.296707, 	92.900002
24, 	0.294930, 	92.850006
25, 	0.287131, 	93.000008
26, 	0.284942, 	92.950005
27, 	0.286737, 	93.200005
28, 	0.285285, 	93.500008
29, 	0.286978, 	93.350006
