0, 	1.954750, 	47.340000
1, 	0.888616, 	67.320000
2, 	0.780264, 	71.979996
3, 	0.712415, 	74.680000
4, 	0.677347, 	76.290001
5, 	0.649618, 	76.839996
6, 	0.632010, 	76.659996
7, 	0.615673, 	77.820000
8, 	0.603902, 	78.400002
9, 	0.586771, 	78.739998
10, 	0.574930, 	78.989998
11, 	0.561564, 	79.570000
12, 	0.553991, 	79.939995
13, 	0.542239, 	80.419998
14, 	0.530572, 	80.869995
15, 	0.520112, 	81.269997
16, 	0.509839, 	81.699997
17, 	0.500103, 	82.059998
18, 	0.492410, 	82.379997
19, 	0.482204, 	82.979996
20, 	0.475645, 	83.139999
21, 	0.470297, 	83.400002
22, 	0.462838, 	83.729996
23, 	0.458856, 	83.820000
24, 	0.452183, 	84.139999
25, 	0.446716, 	84.309998
26, 	0.443993, 	84.199997
27, 	0.437272, 	84.579994
28, 	0.433753, 	84.639999
29, 	0.430742, 	84.869995
