0, 	2.227958, 	41.399998
1, 	1.203917, 	65.540001
2, 	0.851036, 	69.989998
3, 	0.764951, 	72.489998
4, 	0.719126, 	73.739998
5, 	0.688304, 	75.139999
6, 	0.668141, 	75.919998
7, 	0.651081, 	76.430000
8, 	0.638868, 	77.110001
9, 	0.626924, 	77.699997
10, 	0.616517, 	77.939995
11, 	0.605562, 	77.939995
12, 	0.595741, 	78.199997
13, 	0.590241, 	78.369995
14, 	0.578220, 	78.979996
15, 	0.570000, 	79.119995
16, 	0.562044, 	79.349998
17, 	0.554058, 	79.589996
18, 	0.546429, 	79.989998
19, 	0.538062, 	80.279999
20, 	0.530692, 	80.669998
21, 	0.523179, 	80.869995
22, 	0.516662, 	81.070000
23, 	0.511391, 	81.269997
24, 	0.505637, 	81.589996
25, 	0.500290, 	81.900002
26, 	0.494796, 	82.059998
27, 	0.489652, 	82.279999
28, 	0.485004, 	82.470001
29, 	0.480112, 	82.680000
