0, 	2.143796, 	37.639999
1, 	1.148117, 	63.139999
2, 	0.859705, 	69.070000
3, 	0.785794, 	71.699997
4, 	0.747614, 	73.059998
5, 	0.716642, 	74.439995
6, 	0.692224, 	74.720001
7, 	0.668907, 	76.320000
8, 	0.651542, 	76.900002
9, 	0.637434, 	77.229996
10, 	0.624714, 	77.729996
11, 	0.614597, 	77.900002
12, 	0.604394, 	78.199997
13, 	0.595519, 	78.409996
14, 	0.587158, 	78.739998
15, 	0.579457, 	79.000000
16, 	0.571586, 	79.290001
17, 	0.564461, 	79.579994
18, 	0.557503, 	79.709999
19, 	0.549909, 	79.879997
20, 	0.543599, 	80.150002
21, 	0.537230, 	80.439995
22, 	0.531823, 	80.599998
23, 	0.527189, 	80.889999
24, 	0.520099, 	81.180000
25, 	0.514803, 	81.459999
26, 	0.509569, 	81.509995
27, 	0.504300, 	82.079994
28, 	0.499766, 	82.220001
29, 	0.494470, 	82.449997
