0, 	2.143891, 	41.689999
1, 	0.957913, 	64.669998
2, 	0.817529, 	70.089996
3, 	0.772511, 	70.259995
4, 	0.700667, 	75.259995
5, 	0.697362, 	75.089996
6, 	0.695394, 	75.150002
7, 	0.695865, 	75.099998
8, 	0.697059, 	75.110001
9, 	0.699667, 	75.099998
10, 	0.702453, 	74.930000
11, 	0.705462, 	74.809998
12, 	0.709392, 	74.629997
13, 	0.712594, 	74.750000
14, 	0.716967, 	74.799995
15, 	0.720481, 	74.799995
16, 	0.721435, 	74.669998
17, 	0.725501, 	74.739998
18, 	0.725869, 	74.779999
19, 	0.634276, 	76.419998
20, 	0.636536, 	76.199997
21, 	0.639271, 	76.299995
22, 	0.642157, 	76.209999
23, 	0.645700, 	76.209999
24, 	0.647065, 	76.259995
25, 	0.649985, 	76.220001
26, 	0.651775, 	76.220001
27, 	0.618836, 	77.459999
28, 	0.620824, 	77.360001
29, 	0.625218, 	77.099998
