0, 	1.795291, 	59.980000
1, 	0.918332, 	67.089996
2, 	0.791521, 	71.500000
3, 	0.734634, 	73.869995
4, 	0.699845, 	74.949997
5, 	0.677235, 	75.729996
6, 	0.662138, 	76.239998
7, 	0.649141, 	76.699997
8, 	0.635427, 	77.029999
9, 	0.625806, 	77.279999
10, 	0.615738, 	77.650002
11, 	0.606198, 	77.900002
12, 	0.595152, 	78.570000
13, 	0.588336, 	78.540001
14, 	0.579882, 	78.849998
15, 	0.571047, 	79.099998
16, 	0.563902, 	79.339996
17, 	0.556331, 	79.559998
18, 	0.549399, 	79.919998
19, 	0.543288, 	80.259995
20, 	0.538107, 	80.309998
21, 	0.530787, 	80.619995
22, 	0.523791, 	81.049995
23, 	0.520089, 	81.159996
24, 	0.515064, 	81.320000
25, 	0.509024, 	81.599998
26, 	0.502633, 	81.919998
27, 	0.498089, 	82.089996
28, 	0.493780, 	82.329994
29, 	0.488972, 	82.509995
