0, 	0.906832, 	74.700005
1, 	0.541953, 	84.300003
2, 	0.466637, 	86.100006
3, 	0.420501, 	87.400002
4, 	0.391537, 	88.650002
5, 	0.362414, 	89.650002
6, 	0.342129, 	90.200005
7, 	0.326985, 	90.450005
8, 	0.316407, 	91.000008
9, 	0.309287, 	91.100006
10, 	0.303099, 	91.150002
11, 	0.296481, 	91.200005
12, 	0.291048, 	91.450005
13, 	0.285739, 	91.600006
14, 	0.283096, 	91.750008
15, 	0.280993, 	91.900002
16, 	0.279500, 	91.800003
17, 	0.278914, 	91.900002
18, 	0.276795, 	92.000008
19, 	0.275743, 	92.050003
20, 	0.275345, 	92.100006
21, 	0.272988, 	92.050003
22, 	0.273346, 	92.100006
23, 	0.272285, 	92.150002
24, 	0.267651, 	92.200005
25, 	0.264810, 	92.300003
26, 	0.263753, 	92.450005
27, 	0.261545, 	92.500008
28, 	0.259568, 	92.550003
29, 	0.257728, 	92.600006
