0, 	2.157785, 	43.579998
1, 	1.336030, 	64.599998
2, 	0.947103, 	67.930000
3, 	0.823831, 	70.629997
4, 	0.772133, 	71.779999
5, 	0.736228, 	73.150002
6, 	0.709053, 	74.250000
7, 	0.686898, 	75.389999
8, 	0.668772, 	75.729996
9, 	0.650955, 	76.820000
10, 	0.636547, 	77.180000
11, 	0.623928, 	77.409996
12, 	0.614032, 	77.779999
13, 	0.605777, 	77.979996
14, 	0.598992, 	78.159996
15, 	0.589890, 	78.459999
16, 	0.580176, 	78.889999
17, 	0.575053, 	78.869995
18, 	0.564301, 	79.329994
19, 	0.556093, 	79.650002
20, 	0.549682, 	79.799995
21, 	0.541928, 	80.299995
22, 	0.533188, 	80.720001
23, 	0.528083, 	80.959999
24, 	0.522390, 	81.189995
25, 	0.517687, 	81.269997
26, 	0.512706, 	81.500000
27, 	0.507736, 	81.720001
28, 	0.503356, 	81.900002
29, 	0.498074, 	82.250000
