0, 	2.387726, 	55.800003
1, 	0.810276, 	80.050003
2, 	0.547964, 	85.750008
3, 	0.401686, 	89.600006
4, 	0.346539, 	90.700005
5, 	0.323565, 	91.100006
6, 	0.308094, 	91.550003
7, 	0.299178, 	91.650002
8, 	0.291553, 	91.800003
9, 	0.260305, 	92.850006
10, 	0.245157, 	93.250008
11, 	0.236860, 	93.400002
12, 	0.228663, 	93.700005
13, 	0.222036, 	93.800003
14, 	0.218277, 	93.950005
15, 	0.217103, 	94.000008
16, 	0.216165, 	94.250008
17, 	0.214042, 	94.350006
18, 	0.213069, 	94.250008
19, 	0.212492, 	94.300003
20, 	0.214771, 	94.200005
21, 	0.214899, 	94.250008
22, 	0.214921, 	94.200005
23, 	0.217069, 	94.150002
24, 	0.219472, 	94.200005
25, 	0.215336, 	94.600006
26, 	0.207530, 	94.650002
27, 	0.205862, 	94.900002
28, 	0.205201, 	94.650002
29, 	0.205139, 	94.600006
