0, 	21.819498, 	6.350000
1, 	33.808007, 	3.150000
2, 	41.177975, 	1.900000
3, 	42.438086, 	3.350000
4, 	44.874540, 	8.700001
5, 	44.673789, 	10.500001
6, 	46.900528, 	10.850000
7, 	39.225705, 	11.750001
8, 	37.317386, 	12.650001
9, 	40.440298, 	12.600000
10, 	21.866876, 	19.950001
11, 	61.637301, 	11.350000
12, 	6.677416, 	36.350002
13, 	63.967991, 	11.850000
14, 	7.257143, 	39.300003
15, 	47.162380, 	16.150002
16, 	5.012832, 	47.050003
17, 	43.920246, 	17.800001
18, 	5.936313, 	46.500004
19, 	45.038214, 	22.800001
20, 	5.121298, 	53.650002
21, 	25.861592, 	30.950001
22, 	18.669320, 	39.950001
23, 	22.240474, 	37.100002
24, 	15.308619, 	40.750004
25, 	17.534905, 	41.350002
26, 	29.705012, 	38.100002
27, 	12.026291, 	46.950001
28, 	25.115508, 	41.650002
29, 	11.269978, 	57.050003
