0, 	2.289942, 	18.850000
1, 	1.909228, 	43.700001
2, 	1.017246, 	63.049999
3, 	0.885836, 	66.989998
4, 	0.848285, 	68.099998
5, 	0.834864, 	68.129997
6, 	0.851405, 	66.709999
7, 	0.874184, 	65.830002
8, 	0.949655, 	63.399998
9, 	0.986659, 	62.430000
10, 	1.004532, 	62.009998
11, 	1.043370, 	60.529999
12, 	1.101001, 	58.899998
13, 	1.159689, 	57.919998
14, 	1.278689, 	55.879997
15, 	1.405458, 	55.520000
16, 	1.472508, 	56.009998
17, 	1.616239, 	55.889999
18, 	1.856397, 	54.389999
19, 	2.006228, 	54.049999
20, 	2.287153, 	52.449997
21, 	2.829561, 	49.509998
22, 	2.901934, 	50.099998
23, 	3.484756, 	48.520000
24, 	4.436660, 	46.449997
25, 	5.680485, 	43.309998
26, 	8.524574, 	37.090000
27, 	9.207136, 	35.410000
28, 	9.283024, 	36.020000
29, 	14.022632, 	28.679998
