0, 	1.156801, 	74.950005
1, 	0.724461, 	83.250008
2, 	0.714454, 	83.300003
3, 	0.709278, 	83.800003
4, 	0.707758, 	83.900002
5, 	0.706027, 	84.100006
6, 	0.704626, 	84.350006
7, 	0.702960, 	84.450005
8, 	0.700977, 	84.550003
9, 	0.699750, 	84.650002
10, 	0.698497, 	84.600006
11, 	0.697562, 	84.750008
12, 	0.697065, 	84.800003
13, 	0.696090, 	84.800003
14, 	0.695454, 	84.900002
15, 	0.694745, 	84.950005
16, 	0.694155, 	85.050003
17, 	0.693334, 	85.100006
18, 	0.692599, 	85.150002
19, 	0.691988, 	85.250008
20, 	0.691581, 	85.250008
21, 	0.691111, 	85.300003
22, 	0.690508, 	85.350006
23, 	0.690138, 	85.350006
24, 	0.689733, 	85.350006
25, 	0.689116, 	85.350006
26, 	0.688854, 	85.400002
27, 	0.688487, 	85.450005
28, 	0.688310, 	85.450005
29, 	0.687860, 	85.450005
