0, 	1.727926, 	60.859997
1, 	0.862209, 	68.059998
2, 	0.765209, 	71.879997
3, 	0.709317, 	74.430000
4, 	0.680007, 	75.019997
5, 	0.657284, 	76.400002
6, 	0.636462, 	76.900002
7, 	0.622068, 	77.430000
8, 	0.610674, 	77.729996
9, 	0.595301, 	78.229996
10, 	0.580842, 	78.629997
11, 	0.569965, 	78.759995
12, 	0.560347, 	79.229996
13, 	0.548421, 	79.900002
14, 	0.538019, 	80.180000
15, 	0.527588, 	80.639999
16, 	0.518046, 	81.389999
17, 	0.508504, 	81.470001
18, 	0.500200, 	81.839996
19, 	0.493558, 	82.049995
20, 	0.484101, 	82.409996
21, 	0.477963, 	82.799995
22, 	0.470706, 	83.110001
23, 	0.464443, 	83.239998
24, 	0.456840, 	83.769997
25, 	0.451375, 	83.720001
26, 	0.448044, 	83.889999
27, 	0.443436, 	84.250000
28, 	0.436113, 	84.479996
29, 	0.432539, 	84.750000
