0, 	2.057154, 	39.879997
1, 	0.970874, 	63.410000
2, 	0.835159, 	68.119995
3, 	0.773017, 	71.519997
4, 	0.741712, 	73.199997
5, 	0.723066, 	73.989998
6, 	0.707349, 	74.470001
7, 	0.699068, 	74.820000
8, 	0.693436, 	75.049995
9, 	0.698229, 	74.949997
10, 	0.691474, 	75.250000
11, 	0.680828, 	75.299995
12, 	0.680169, 	75.430000
13, 	0.666345, 	76.029999
14, 	0.664336, 	76.089996
15, 	0.663074, 	76.299995
16, 	0.664946, 	76.049995
17, 	0.663543, 	76.009995
18, 	0.666809, 	75.919998
19, 	0.651885, 	76.599998
20, 	0.646868, 	76.769997
21, 	0.638228, 	77.099998
22, 	0.630345, 	77.250000
23, 	0.630766, 	77.150002
24, 	0.634418, 	77.049995
25, 	0.630348, 	77.099998
26, 	0.628959, 	77.150002
27, 	0.624767, 	77.159996
28, 	0.623197, 	77.309998
29, 	0.622353, 	77.199997
