0, 	52.646538, 	6.350000
1, 	69.216733, 	5.350000
2, 	75.721804, 	7.250000
3, 	88.043077, 	8.600000
4, 	79.382249, 	8.750000
5, 	66.851580, 	9.350000
6, 	64.030366, 	9.200001
7, 	63.496123, 	9.350000
8, 	67.596106, 	9.350000
9, 	77.858671, 	8.450001
10, 	24.622760, 	11.350000
11, 	83.031677, 	9.050000
12, 	42.589348, 	11.850000
13, 	61.752529, 	9.250000
14, 	91.120405, 	9.650001
15, 	19.199575, 	14.400001
16, 	135.540284, 	9.250000
17, 	15.839808, 	17.650002
18, 	49.219645, 	10.650001
19, 	29.079162, 	14.500001
20, 	58.952224, 	11.550000
21, 	28.352461, 	14.950001
22, 	94.562368, 	9.850000
23, 	18.853250, 	17.600000
24, 	63.642351, 	12.400001
25, 	16.297040, 	22.550001
26, 	105.578732, 	11.500001
27, 	17.798146, 	21.800001
28, 	77.940747, 	16.500000
29, 	29.658409, 	21.750002
