0, 	1.616747, 	54.329998
1, 	0.949875, 	64.229996
2, 	0.855689, 	68.729996
3, 	0.816448, 	70.339996
4, 	0.793577, 	70.970001
5, 	0.779001, 	71.580002
6, 	0.768093, 	72.239998
7, 	0.782067, 	71.509995
8, 	0.802542, 	69.919998
9, 	0.819512, 	69.559998
10, 	0.856103, 	68.199997
11, 	0.857666, 	68.209999
12, 	0.876562, 	67.339996
13, 	0.897897, 	67.110001
14, 	0.923707, 	66.279999
15, 	0.917971, 	66.269997
16, 	0.925007, 	66.000000
17, 	0.929432, 	65.869995
18, 	0.955649, 	65.459999
19, 	0.969614, 	65.720001
20, 	0.984774, 	65.799995
21, 	1.043201, 	65.320000
22, 	1.103504, 	65.250000
23, 	1.206484, 	64.549995
24, 	1.316401, 	63.799999
25, 	1.369687, 	63.820000
26, 	1.534975, 	61.149998
27, 	1.678847, 	59.619999
28, 	1.844288, 	58.250000
29, 	2.158562, 	54.639999
