0, 	0.670074, 	80.700005
1, 	0.354400, 	89.250008
2, 	0.274288, 	92.050003
3, 	0.236097, 	93.150002
4, 	0.215776, 	93.750008
5, 	0.202327, 	94.250008
6, 	0.190220, 	94.450005
7, 	0.183158, 	94.850006
8, 	0.177528, 	95.050003
9, 	0.173017, 	95.150002
10, 	0.170364, 	95.500008
11, 	0.166787, 	95.550003
12, 	0.163970, 	95.550003
13, 	0.161671, 	95.450005
14, 	0.159522, 	95.550003
15, 	0.157120, 	95.650002
16, 	0.155793, 	95.600006
17, 	0.153860, 	95.700005
18, 	0.153157, 	95.650002
19, 	0.152246, 	95.700005
20, 	0.151888, 	95.700005
21, 	0.150437, 	95.850006
22, 	0.150105, 	95.950005
23, 	0.149347, 	96.150002
24, 	0.149387, 	96.000008
25, 	0.148577, 	96.100006
26, 	0.147431, 	96.200005
27, 	0.147797, 	96.100006
28, 	0.148425, 	96.200005
29, 	0.148498, 	96.150002
