0, 	2.120276, 	18.279999
1, 	1.178264, 	57.750000
2, 	1.035985, 	62.289997
3, 	1.101392, 	60.489998
4, 	1.168746, 	59.910000
5, 	1.269027, 	60.059998
6, 	1.420986, 	56.189999
7, 	1.594737, 	52.259998
8, 	1.808720, 	49.169998
9, 	2.222575, 	47.439999
10, 	3.205958, 	46.000000
11, 	4.261015, 	37.840000
12, 	6.008895, 	28.459999
13, 	10.204751, 	20.230000
14, 	14.924384, 	17.850000
15, 	20.150291, 	13.380000
16, 	26.399090, 	10.790000
17, 	34.383553, 	10.110000
18, 	50.963389, 	10.000000
19, 	57.721183, 	10.009999
20, 	56.162632, 	10.080000
21, 	68.315865, 	10.020000
22, 	60.788313, 	10.230000
23, 	84.287379, 	10.150000
24, 	37.397223, 	14.110000
25, 	222.883286, 	10.009999
26, 	16.967673, 	21.449999
27, 	214.610366, 	10.040000
28, 	9.052682, 	37.759998
29, 	284.386807, 	10.110000
