0, 	7.975512, 	21.350000
1, 	7.861254, 	22.400002
2, 	8.159507, 	23.500002
3, 	8.638708, 	24.500002
4, 	9.797500, 	23.000002
5, 	10.299522, 	22.650002
6, 	9.908642, 	25.050001
7, 	9.708636, 	26.350000
8, 	9.865996, 	27.400002
9, 	10.220803, 	29.250002
10, 	10.458696, 	30.950001
11, 	11.261312, 	31.300001
12, 	10.427197, 	34.700001
13, 	11.562704, 	33.150002
14, 	11.052576, 	35.600002
15, 	9.286592, 	39.950001
16, 	10.252513, 	39.000000
17, 	9.591430, 	41.100002
18, 	9.624811, 	42.050003
19, 	8.493342, 	46.350002
20, 	9.624013, 	44.100002
21, 	10.084023, 	43.450001
22, 	7.917110, 	49.900002
23, 	9.103726, 	48.350002
24, 	8.296348, 	50.650002
25, 	9.073354, 	50.500004
26, 	7.511023, 	54.850002
27, 	9.293338, 	52.000004
28, 	8.223430, 	57.350002
29, 	7.482820, 	60.150002
