0, 	178.589926, 	10.200001
1, 	200.523592, 	8.850000
2, 	238.111731, 	8.300000
3, 	172.733472, 	8.350000
4, 	282.183874, 	7.850000
5, 	124.967570, 	9.550000
6, 	268.628974, 	9.550000
7, 	205.659588, 	9.550000
8, 	35.131340, 	9.950001
9, 	255.847625, 	9.550000
10, 	48.745259, 	10.800000
11, 	621.431417, 	9.550000
12, 	10.165856, 	22.550001
13, 	44.155489, 	18.200001
14, 	90.518398, 	14.100000
15, 	122.316537, 	13.750001
16, 	150.815748, 	13.300000
17, 	313.692033, 	13.950001
18, 	95.985336, 	17.500000
19, 	422.910780, 	14.050000
20, 	70.745156, 	27.450001
21, 	519.503293, 	18.650002
22, 	103.537292, 	32.200001
23, 	283.360352, 	27.750002
24, 	169.842321, 	35.550003
25, 	424.178991, 	31.250002
26, 	235.429332, 	26.650002
27, 	313.112506, 	28.800001
28, 	1163.690763, 	18.050001
29, 	106.708772, 	27.400002
