0, 	1.473651, 	59.059998
1, 	0.900695, 	65.269997
2, 	0.816706, 	70.019997
3, 	0.762816, 	72.409996
4, 	0.700555, 	74.809998
5, 	0.681759, 	75.650002
6, 	0.690510, 	74.570000
7, 	0.662668, 	75.070000
8, 	0.624422, 	77.689995
9, 	0.612164, 	77.930000
10, 	0.614034, 	77.489998
11, 	0.618952, 	76.930000
12, 	0.586258, 	78.570000
13, 	0.595079, 	76.879997
14, 	0.579618, 	78.689995
15, 	0.588967, 	78.299995
16, 	0.547554, 	80.589996
17, 	0.592372, 	77.150002
18, 	0.533327, 	80.959999
19, 	0.523490, 	81.400002
20, 	0.512597, 	81.769997
21, 	0.530510, 	80.449997
22, 	0.508731, 	81.529999
23, 	0.522763, 	80.540001
24, 	0.504800, 	82.259995
25, 	0.487650, 	82.769997
26, 	0.479007, 	83.239998
27, 	0.485599, 	82.750000
28, 	0.475069, 	83.239998
29, 	0.468640, 	83.529999
