1, 	0.000225, 	30.029999, 	-696.249418, 	17.670000
2, 	0.000214, 	28.160000, 	-2626.142834, 	60.709999
3, 	0.000190, 	57.209999, 	-4068.955884, 	39.270000
4, 	0.000134, 	73.949997, 	-4093.183757, 	18.520000
5, 	0.000084, 	80.839996, 	-5321.127966, 	13.860000
6, 	0.000064, 	83.799995, 	-9570.063165, 	14.240000
7, 	0.000055, 	85.259995, 	-12936.729519, 	14.130000
8, 	0.000051, 	85.659996, 	-16912.204778, 	14.700000
9, 	0.000048, 	86.430000, 	-18296.073524, 	14.589999
10, 	0.000046, 	86.779999, 	-18934.725852, 	14.500000
11, 	0.000044, 	87.099998, 	-19333.153800, 	14.580000
12, 	0.000043, 	87.439995, 	-19140.196018, 	14.490000
13, 	0.000041, 	87.860001, 	-18511.879095, 	14.360000
14, 	0.000041, 	87.979996, 	-18175.290720, 	14.509999
15, 	0.000039, 	88.549995, 	-16007.191807, 	14.130000
16, 	0.000037, 	88.959999, 	-13764.726359, 	13.849999
17, 	0.000037, 	88.959999, 	-13739.232235, 	14.200000
18, 	0.000036, 	89.299995, 	-12031.845174, 	14.089999
19, 	0.000035, 	89.489998, 	-10572.682320, 	14.070000
20, 	0.000034, 	89.970001, 	-7635.656802, 	13.620000
21, 	0.000033, 	90.040001, 	-6221.258830, 	13.809999
22, 	0.000032, 	90.400002, 	-4285.055520, 	13.700000
23, 	0.000032, 	90.419998, 	-2534.870910, 	13.740000
24, 	0.000031, 	90.649994, 	-252.379691, 	13.679999
25, 	0.000030, 	91.019997, 	2569.647734, 	13.400000
26, 	0.000029, 	91.309998, 	5598.738004, 	13.160000
27, 	0.000029, 	91.250000, 	6475.059770, 	13.559999
28, 	0.000028, 	91.610001, 	9443.761877, 	13.230000
29, 	0.000028, 	91.669998, 	11274.957786, 	13.280000
30, 	0.000027, 	92.059998, 	15194.443218, 	12.910000
31, 	0.000027, 	92.059998, 	17114.147617, 	13.030000
32, 	0.000026, 	92.360001, 	20488.766046, 	12.809999
33, 	0.000026, 	92.169998, 	21742.463734, 	13.120000
34, 	0.000026, 	92.399994, 	24727.259644, 	12.960000
35, 	0.000025, 	92.589996, 	28315.566825, 	12.799999
36, 	0.000024, 	92.659996, 	30685.949764, 	12.799999
37, 	0.000024, 	92.930000, 	34309.745828, 	12.660000
38, 	0.000024, 	92.979996, 	36236.072321, 	12.730000
39, 	0.000023, 	93.239998, 	39750.115590, 	12.580000
40, 	0.000022, 	93.349998, 	42296.872223, 	12.509999
41, 	0.000022, 	93.389999, 	44429.883176, 	12.590000
42, 	0.000022, 	93.540001, 	47420.981241, 	12.469999
43, 	0.000022, 	93.459999, 	49438.831636, 	12.580000
44, 	0.000021, 	93.739998, 	53349.697440, 	12.349999
45, 	0.000021, 	93.659996, 	54285.047442, 	12.559999
46, 	0.000021, 	93.799995, 	57644.437726, 	12.450000
47, 	0.000020, 	93.839996, 	60414.332881, 	12.420000
48, 	0.000020, 	93.979996, 	63204.300444, 	12.389999
49, 	0.000020, 	94.089996, 	65553.654552, 	12.429999
50, 	0.000019, 	94.180000, 	68735.146698, 	12.330000
