1, 	0.000225, 	9.840000, 	-3055.011426, 	99.809998
2, 	0.000217, 	9.800000, 	-6965.136069, 	100.000000
3, 	0.000195, 	22.209999, 	-9502.832362, 	86.339996
4, 	0.000149, 	55.070000, 	-12209.974270, 	45.739998
5, 	0.000102, 	70.750000, 	-15606.111298, 	27.840000
6, 	0.000078, 	77.689995, 	-19442.059298, 	22.049999
7, 	0.000067, 	80.919998, 	-23011.540031, 	19.639999
8, 	0.000061, 	82.040001, 	-26368.892533, 	19.029999
9, 	0.000056, 	83.409996, 	-28258.236475, 	18.039999
10, 	0.000052, 	84.369995, 	-29508.007145, 	17.270000
11, 	0.000050, 	84.959999, 	-30938.290908, 	17.020000
12, 	0.000048, 	85.639999, 	-31768.846161, 	16.709999
13, 	0.000046, 	86.169998, 	-32398.790918, 	16.340000
14, 	0.000045, 	86.570000, 	-33173.521085, 	16.219999
15, 	0.000043, 	87.309998, 	-32554.006522, 	15.559999
16, 	0.000041, 	87.989998, 	-32113.751196, 	15.110000
17, 	0.000041, 	88.079994, 	-33114.966974, 	15.280000
18, 	0.000040, 	88.379997, 	-33397.555878, 	15.240000
19, 	0.000039, 	88.599998, 	-33303.946426, 	15.000000
20, 	0.000037, 	89.139999, 	-32436.156915, 	14.639999
21, 	0.000036, 	89.299995, 	-32774.355571, 	14.710000
22, 	0.000035, 	89.619995, 	-32461.393529, 	14.460000
23, 	0.000035, 	89.659996, 	-32995.203511, 	14.559999
24, 	0.000034, 	89.909996, 	-32836.510501, 	14.509999
25, 	0.000033, 	90.229996, 	-32719.906139, 	14.320000
26, 	0.000032, 	90.430000, 	-32239.024907, 	14.170000
27, 	0.000032, 	90.409996, 	-32884.635282, 	14.389999
28, 	0.000031, 	90.750000, 	-32026.955725, 	14.070000
29, 	0.000031, 	90.709999, 	-32947.052766, 	14.250000
30, 	0.000030, 	91.180000, 	-31652.593061, 	13.830000
31, 	0.000029, 	91.290001, 	-31792.583869, 	13.889999
32, 	0.000029, 	91.449997, 	-31744.559956, 	13.799999
33, 	0.000029, 	91.529999, 	-32166.583632, 	13.929999
34, 	0.000028, 	91.759995, 	-31632.121946, 	13.780000
35, 	0.000027, 	92.070000, 	-30866.966686, 	13.509999
36, 	0.000027, 	92.089996, 	-31360.226680, 	13.599999
37, 	0.000026, 	92.379997, 	-30613.905518, 	13.389999
38, 	0.000026, 	92.419998, 	-30898.545484, 	13.420000
39, 	0.000025, 	92.799995, 	-30007.133024, 	13.200000
40, 	0.000025, 	92.860001, 	-30324.932666, 	13.170000
41, 	0.000024, 	92.839996, 	-30601.683967, 	13.330000
42, 	0.000024, 	93.059998, 	-30093.702479, 	13.179999
43, 	0.000023, 	93.180000, 	-30099.740729, 	13.170000
44, 	0.000023, 	93.329994, 	-29458.940097, 	12.969999
45, 	0.000023, 	93.220001, 	-30421.038804, 	13.160000
46, 	0.000022, 	93.419998, 	-29781.092118, 	13.020000
47, 	0.000022, 	93.439995, 	-29798.250109, 	13.009999
48, 	0.000022, 	93.459999, 	-29767.502941, 	13.059999
49, 	0.000021, 	93.610001, 	-29424.564435, 	12.990000
50, 	0.000021, 	93.759995, 	-29257.544863, 	12.920000
