1, 	9720.411306, 	10.160000
2, 	6870.179234, 	10.480000
3, 	4125.156746, 	10.590000
4, 	5787.361540, 	10.450000
5, 	3192.629961, 	10.500000
6, 	5203.974671, 	10.370000
7, 	-2860.458062, 	10.610000
8, 	-4344.436849, 	10.650000
9, 	-4863.382573, 	10.610000
10, 	-6173.102138, 	10.639999
11, 	-5134.158007, 	10.610000
12, 	-2302.223533, 	10.450000
13, 	-3561.012328, 	10.500000
14, 	4910.218383, 	10.259999
15, 	-1334.639492, 	10.410000
16, 	-2490.313371, 	10.469999
17, 	1085.512331, 	10.349999
18, 	-922.929338, 	10.420000
19, 	-741.533824, 	10.400000
20, 	224.044626, 	10.389999
21, 	-1131.928381, 	10.429999
22, 	-268.537638, 	10.410000
23, 	-507.651398, 	10.400000
24, 	531.818089, 	10.400000
25, 	990.043185, 	10.370000
26, 	2887.666681, 	10.300000
27, 	3459.608203, 	10.330000
28, 	3145.331749, 	10.330000
29, 	3482.924761, 	10.300000
30, 	1949.143816, 	10.370000
31, 	2856.520413, 	10.340000
32, 	4651.542766, 	10.290000
33, 	5095.089627, 	10.300000
34, 	5983.375253, 	10.259999
35, 	6415.923180, 	10.280000
36, 	6895.088782, 	10.290000
37, 	5076.111072, 	10.330000
38, 	8617.196898, 	10.250000
39, 	9924.040116, 	10.240000
40, 	8691.533716, 	10.259999
41, 	11509.991698, 	10.190000
42, 	10906.370806, 	10.230000
43, 	12241.673357, 	10.210000
44, 	11441.235955, 	10.219999
45, 	12605.361899, 	10.210000
46, 	13426.386109, 	10.240000
47, 	13912.631100, 	10.230000
48, 	14226.156731, 	10.240000
49, 	17260.447980, 	10.200000
50, 	17872.783178, 	10.190000
