1, 	0.000230, 	10.000000, 	644.706491, 	0.000000
2, 	0.000229, 	10.000000, 	562.392614, 	0.000000
3, 	0.000227, 	15.400000, 	410.708505, 	0.000000
4, 	0.000224, 	25.599998, 	136.030635, 	0.000000
5, 	0.000217, 	28.150000, 	-336.788710, 	0.190000
6, 	0.000200, 	36.599998, 	-1005.569745, 	13.929999
7, 	0.000165, 	59.219997, 	-1603.603077, 	13.240000
8, 	0.000128, 	61.230000, 	-2235.530876, 	10.410000
9, 	0.000107, 	63.129997, 	-2872.691289, 	10.330000
10, 	0.000096, 	64.629997, 	-3195.339672, 	10.620000
11, 	0.000090, 	66.409996, 	-2940.817561, 	10.469999
12, 	0.000087, 	66.909996, 	-3525.154970, 	10.780000
13, 	0.000084, 	68.089996, 	-3644.602276, 	10.429999
14, 	0.000082, 	69.279999, 	-4052.947436, 	10.360000
15, 	0.000081, 	69.970001, 	-4959.385741, 	10.450000
16, 	0.000079, 	70.309998, 	-5397.359640, 	10.309999
17, 	0.000078, 	71.259995, 	-6411.585111, 	10.300000
18, 	0.000076, 	71.669998, 	-6956.880898, 	10.219999
19, 	0.000075, 	72.430000, 	-7786.485019, 	10.259999
20, 	0.000074, 	72.930000, 	-8101.722057, 	10.059999
21, 	0.000073, 	73.650002, 	-8759.488649, 	10.090000
22, 	0.000072, 	73.729996, 	-9956.539703, 	10.349999
23, 	0.000071, 	73.879997, 	-10123.798685, 	10.190000
24, 	0.000071, 	74.290001, 	-10403.484624, 	10.210000
25, 	0.000070, 	74.239998, 	-11678.564282, 	10.340000
26, 	0.000069, 	74.720001, 	-11477.677438, 	10.150000
27, 	0.000069, 	74.900002, 	-11650.151234, 	10.190000
28, 	0.000068, 	74.949997, 	-12637.123976, 	10.400000
29, 	0.000068, 	75.180000, 	-12169.656704, 	10.230000
30, 	0.000068, 	75.299995, 	-13264.639005, 	10.450000
31, 	0.000067, 	75.349998, 	-12603.223915, 	10.300000
32, 	0.000067, 	75.019997, 	-14073.468461, 	10.550000
33, 	0.000066, 	75.820000, 	-13015.365393, 	10.300000
34, 	0.000066, 	75.939995, 	-13201.974064, 	10.250000
35, 	0.000066, 	76.019997, 	-13628.510722, 	10.410000
36, 	0.000066, 	75.879997, 	-14631.061708, 	10.550000
37, 	0.000065, 	76.110001, 	-14408.707843, 	10.380000
38, 	0.000065, 	76.220001, 	-15010.570450, 	10.530000
39, 	0.000065, 	76.180000, 	-14782.952753, 	10.410000
40, 	0.000064, 	76.599998, 	-15079.543815, 	10.590000
41, 	0.000064, 	76.470001, 	-15893.675020, 	10.750000
42, 	0.000064, 	76.809998, 	-15172.256519, 	10.520000
43, 	0.000064, 	76.930000, 	-15436.419631, 	10.520000
44, 	0.000063, 	77.009995, 	-15513.473358, 	10.509999
45, 	0.000063, 	76.769997, 	-16897.422830, 	10.809999
46, 	0.000063, 	77.049995, 	-15746.586116, 	10.599999
47, 	0.000063, 	76.909996, 	-16056.944690, 	10.650000
48, 	0.000063, 	77.209999, 	-16106.173914, 	10.500000
49, 	0.000062, 	77.269997, 	-16777.892896, 	10.790000
50, 	0.000062, 	77.479996, 	-16657.226136, 	10.690000
