1, 	0.000230, 	10.190000, 	-664.934191, 	50.099998
2, 	0.000228, 	10.000000, 	-3009.388316, 	100.000000
3, 	0.000226, 	10.000000, 	-5557.089215, 	100.000000
4, 	0.000221, 	10.009999, 	-7065.778423, 	99.979996
5, 	0.000206, 	18.270000, 	-8433.835763, 	74.970001
6, 	0.000178, 	32.719997, 	-11346.800358, 	63.769997
7, 	0.000149, 	35.829998, 	-16148.592029, 	61.329998
8, 	0.000131, 	46.480000, 	-20220.730543, 	50.110001
9, 	0.000120, 	50.590000, 	-23346.403127, 	45.539997
10, 	0.000115, 	52.410000, 	-26581.985886, 	42.919998
11, 	0.000111, 	54.449997, 	-28910.765989, 	40.459999
12, 	0.000110, 	55.419998, 	-31530.904195, 	39.559998
13, 	0.000107, 	56.469997, 	-32977.655274, 	38.139999
14, 	0.000104, 	58.059998, 	-34060.275196, 	36.139999
15, 	0.000103, 	58.579998, 	-35707.728396, 	35.849998
16, 	0.000101, 	59.939999, 	-36297.060438, 	33.739998
17, 	0.000100, 	60.489998, 	-37464.267367, 	33.459999
18, 	0.000098, 	61.849998, 	-37871.698629, 	31.369999
19, 	0.000098, 	61.869999, 	-39003.026393, 	32.239998
20, 	0.000095, 	63.730000, 	-38752.932017, 	29.389999
21, 	0.000093, 	64.529999, 	-39142.066414, 	28.820000
22, 	0.000094, 	63.969997, 	-40493.120185, 	30.019999
23, 	0.000092, 	64.939995, 	-40227.535162, 	27.719999
24, 	0.000090, 	65.930000, 	-40433.163020, 	26.750000
25, 	0.000091, 	65.389999, 	-41626.189333, 	27.410000
26, 	0.000088, 	67.220001, 	-41311.267914, 	25.330000
27, 	0.000086, 	67.989998, 	-41228.967275, 	24.420000
28, 	0.000087, 	67.669998, 	-42107.277586, 	25.059999
29, 	0.000085, 	68.650002, 	-41686.884004, 	23.519999
30, 	0.000086, 	68.500000, 	-42610.945079, 	24.250000
31, 	0.000083, 	69.239998, 	-41952.009330, 	22.889999
32, 	0.000086, 	68.239998, 	-43337.201993, 	24.080000
33, 	0.000082, 	70.199997, 	-41921.648316, 	22.219999
34, 	0.000081, 	70.659996, 	-42086.284775, 	22.000000
35, 	0.000081, 	70.439995, 	-42493.911273, 	22.170000
36, 	0.000082, 	70.070000, 	-43075.360883, 	22.359999
37, 	0.000080, 	70.750000, 	-42738.512573, 	21.580000
38, 	0.000081, 	70.500000, 	-43200.853772, 	21.920000
39, 	0.000080, 	70.799995, 	-42921.579795, 	21.459999
40, 	0.000080, 	71.080002, 	-43287.387455, 	21.840000
41, 	0.000081, 	70.239998, 	-44235.148759, 	22.820000
42, 	0.000079, 	71.309998, 	-43327.649829, 	21.609999
43, 	0.000079, 	71.419998, 	-43816.745146, 	21.719999
44, 	0.000078, 	72.080002, 	-43564.761513, 	21.100000
45, 	0.000080, 	70.500000, 	-45086.985741, 	22.660000
46, 	0.000078, 	71.250000, 	-44072.134826, 	21.500000
47, 	0.000078, 	71.439995, 	-44138.601115, 	21.330000
48, 	0.000077, 	71.820000, 	-44200.072864, 	20.850000
49, 	0.000078, 	71.479996, 	-44756.734532, 	21.629999
50, 	0.000077, 	72.229996, 	-44917.265917, 	21.320000
