1, 	0.000230, 	10.000000, 	634.098051, 	0.000000
2, 	0.000229, 	10.259999, 	538.509163, 	0.000000
3, 	0.000227, 	24.670000, 	376.242759, 	0.000000
4, 	0.000224, 	29.889999, 	54.516813, 	0.000000
5, 	0.000217, 	34.759998, 	-447.525870, 	3.580000
6, 	0.000200, 	42.489998, 	-946.796629, 	6.910000
7, 	0.000165, 	57.029999, 	-1678.136811, 	10.840000
8, 	0.000128, 	59.119999, 	-2820.632687, 	11.110000
9, 	0.000107, 	63.129997, 	-3799.216644, 	11.000000
10, 	0.000097, 	63.070000, 	-4734.376810, 	12.400000
11, 	0.000092, 	65.150002, 	-5529.377981, 	11.490000
12, 	0.000089, 	66.489998, 	-3607.343500, 	10.179999
13, 	0.000086, 	67.599998, 	-4347.624100, 	10.790000
14, 	0.000085, 	67.379997, 	-4879.428409, 	10.400000
15, 	0.000087, 	64.409996, 	-7647.414482, 	9.550000
16, 	0.000085, 	65.260002, 	-11235.124415, 	11.740000
17, 	0.000081, 	69.519997, 	-8453.135694, 	10.460000
18, 	0.000078, 	71.379997, 	-9361.213390, 	10.139999
19, 	0.000079, 	69.820000, 	-9978.459619, 	10.490000
20, 	0.000076, 	72.139999, 	-10751.911621, 	10.870000
21, 	0.000078, 	68.650002, 	-10831.643945, 	9.849999
22, 	0.000075, 	72.889999, 	-11992.368681, 	10.570000
23, 	0.000074, 	73.070000, 	-9202.572021, 	9.710000
24, 	0.000079, 	69.619995, 	-16493.870096, 	11.270000
25, 	0.000075, 	72.879997, 	-17951.259621, 	12.920000
26, 	0.000072, 	72.339996, 	-13297.178825, 	9.550000
27, 	0.000072, 	73.000000, 	-9579.528334, 	8.990000
28, 	0.000072, 	73.110001, 	-15983.151696, 	11.050000
29, 	0.000071, 	73.589996, 	-11539.768257, 	9.849999
30, 	0.000078, 	69.209999, 	-18391.556862, 	10.710000
31, 	0.000072, 	73.699997, 	-7935.590810, 	7.880000
32, 	0.000070, 	74.290001, 	-11356.887466, 	9.139999
33, 	0.000070, 	74.869995, 	-10262.161138, 	8.910000
34, 	0.000069, 	74.439995, 	-12661.432812, 	9.990000
35, 	0.000071, 	74.589996, 	-8466.759642, 	9.270000
36, 	0.000070, 	74.199997, 	-11414.226328, 	8.800000
37, 	0.000070, 	74.580002, 	-16190.845363, 	10.660000
38, 	0.000070, 	73.589996, 	-16523.920771, 	10.740000
39, 	0.000069, 	74.189995, 	-16853.312592, 	11.130000
40, 	0.000068, 	75.619995, 	-13168.976936, 	9.200000
41, 	0.000068, 	75.830002, 	-11208.763005, 	9.080000
42, 	0.000067, 	75.559998, 	-16602.996029, 	10.900000
43, 	0.000069, 	74.089996, 	-15486.220036, 	9.670000
44, 	0.000068, 	74.470001, 	-17500.541239, 	11.040000
45, 	0.000067, 	75.849998, 	-17497.753542, 	10.840000
46, 	0.000068, 	75.119995, 	-19196.153930, 	11.070000
47, 	0.000068, 	75.009995, 	-18005.801247, 	10.620000
48, 	0.000067, 	75.529999, 	-16102.433248, 	9.660000
49, 	0.000067, 	74.900002, 	-16320.038217, 	10.630000
50, 	0.000067, 	75.930000, 	-18133.732005, 	10.639999
