1, 	-4978.185928, 	100.000000
2, 	-28629.644355, 	54.149998
3, 	-30190.568553, 	38.079998
4, 	-35598.294350, 	37.579998
5, 	-43787.722590, 	43.520000
6, 	-43386.712390, 	37.799999
7, 	-43324.364885, 	32.840000
8, 	-45471.695200, 	33.410000
9, 	-47292.222963, 	33.469997
10, 	-47574.945946, 	30.859999
11, 	-47749.032673, 	29.439999
12, 	-48458.137282, 	28.119999
13, 	-48929.421541, 	28.209999
14, 	-48650.935311, 	27.000000
15, 	-48697.255491, 	25.679998
16, 	-51096.445135, 	27.320000
17, 	-51178.661860, 	26.230000
18, 	-49937.728100, 	24.559999
19, 	-52068.827637, 	25.500000
20, 	-52230.267491, 	24.959999
21, 	-50558.633818, 	23.049999
22, 	-51988.990696, 	23.680000
23, 	-52080.381983, 	23.010000
24, 	-53054.785428, 	23.230000
25, 	-52779.826679, 	22.539999
26, 	-54058.152504, 	23.580000
27, 	-53682.581492, 	23.059999
28, 	-54002.061323, 	22.830000
29, 	-54984.204862, 	23.170000
30, 	-53735.664945, 	21.889999
31, 	-54641.885431, 	22.209999
32, 	-55636.203107, 	22.170000
33, 	-53811.267187, 	20.809999
34, 	-53969.550441, 	20.699999
35, 	-55544.165490, 	21.910000
36, 	-54415.159443, 	20.939999
37, 	-55092.552074, 	21.510000
38, 	-55002.406846, 	21.279999
39, 	-54598.950224, 	20.639999
40, 	-53872.276766, 	20.029999
41, 	-55414.454692, 	21.250000
42, 	-53293.701821, 	19.980000
43, 	-54533.616484, 	20.689999
44, 	-54443.365089, 	20.609999
45, 	-54831.535234, 	20.449999
46, 	-56026.134977, 	21.189999
47, 	-54645.802890, 	20.430000
48, 	-55066.296709, 	20.730000
49, 	-53862.651278, 	19.980000
50, 	-54224.034113, 	20.109999
