1, 	8729.275998, 	10.719999
2, 	9253.634501, 	10.090000
3, 	7114.086145, 	10.290000
4, 	7426.273858, 	10.290000
5, 	11932.864310, 	10.139999
6, 	10559.692295, 	10.030000
7, 	8771.479627, 	9.990000
8, 	16382.260214, 	9.830000
9, 	11759.804672, 	9.880000
10, 	7761.029867, 	9.980000
11, 	10561.842199, 	9.940000
12, 	8925.330657, 	9.910000
13, 	11565.752061, 	9.849999
14, 	6052.590277, 	10.000000
15, 	8032.830702, 	10.000000
16, 	5663.044484, 	9.980000
17, 	8311.832644, 	9.860000
18, 	10424.502006, 	9.880000
19, 	5937.457098, 	9.980000
20, 	7366.378664, 	9.929999
21, 	8729.704550, 	9.920000
22, 	5551.361699, 	9.969999
23, 	9933.018489, 	9.870000
24, 	5756.180677, 	9.950000
25, 	6282.241832, 	9.950000
26, 	6469.184615, 	9.929999
27, 	7935.157526, 	9.920000
28, 	7035.459123, 	9.950000
29, 	8728.293751, 	9.900000
30, 	8329.697791, 	9.900000
31, 	8343.529221, 	9.900000
32, 	8143.483799, 	9.920000
33, 	5440.136782, 	9.940000
34, 	8303.474381, 	9.910000
35, 	7180.088878, 	9.910000
36, 	8409.089851, 	9.910000
37, 	9927.871927, 	9.860000
38, 	8257.609752, 	9.900000
39, 	7563.082219, 	9.900000
40, 	8860.949102, 	9.860000
41, 	8780.533108, 	9.870000
42, 	6956.317105, 	9.920000
43, 	6785.974929, 	9.910000
44, 	8526.720687, 	9.900000
45, 	7689.305885, 	9.920000
46, 	7119.652754, 	9.910000
47, 	7750.593511, 	9.910000
48, 	8053.614889, 	9.900000
49, 	8180.863059, 	9.889999
50, 	9028.585111, 	9.870000
