1, 	-10431.895715, 	100.000000
2, 	-41686.587594, 	68.199997
3, 	-43689.951860, 	55.059998
4, 	-47652.769911, 	52.789997
5, 	-48633.367568, 	50.070000
6, 	-50122.048921, 	49.059998
7, 	-53431.660062, 	50.039997
8, 	-52856.593738, 	46.820000
9, 	-52802.654561, 	45.039997
10, 	-55991.953893, 	47.299999
11, 	-53481.271372, 	39.459999
12, 	-55679.305576, 	42.629997
13, 	-55322.634283, 	39.379997
14, 	-55461.526426, 	38.009998
15, 	-56019.616538, 	36.730000
16, 	-56551.045907, 	36.379997
17, 	-57559.219460, 	35.879997
18, 	-58100.259656, 	35.340000
19, 	-56716.927351, 	32.529999
20, 	-58466.041018, 	33.889999
21, 	-58196.883475, 	33.049999
22, 	-57070.011453, 	30.949999
23, 	-57585.020155, 	30.840000
24, 	-58180.206264, 	30.259998
25, 	-58321.927604, 	30.420000
26, 	-58385.041477, 	29.830000
27, 	-57876.785810, 	28.420000
28, 	-58915.305519, 	29.500000
29, 	-57740.505673, 	28.000000
30, 	-58110.958279, 	27.660000
31, 	-58949.265076, 	28.119999
32, 	-57876.300277, 	26.570000
33, 	-59366.240059, 	27.599998
34, 	-60235.974557, 	28.529999
35, 	-59982.725707, 	27.939999
36, 	-59210.674402, 	27.139999
37, 	-59507.747127, 	27.779999
38, 	-58411.607369, 	26.410000
39, 	-57398.705338, 	25.260000
40, 	-60456.659070, 	27.529999
41, 	-58334.404910, 	26.010000
42, 	-59969.814424, 	27.070000
43, 	-59456.911596, 	26.519999
44, 	-58601.400788, 	25.439999
45, 	-59504.541858, 	26.179998
46, 	-57413.067482, 	24.580000
47, 	-57725.610956, 	24.849998
48, 	-58989.581204, 	25.650000
49, 	-57804.171726, 	24.730000
50, 	-58573.267682, 	25.309999
