1, 	0.000230, 	10.000000, 	571.559431, 	0.000000
2, 	0.000229, 	10.000000, 	394.802830, 	0.000000
3, 	0.000227, 	15.250000, 	92.117985, 	0.000000
4, 	0.000224, 	31.289999, 	-424.186218, 	24.320000
5, 	0.000217, 	31.320000, 	-1227.873701, 	46.939999
6, 	0.000201, 	34.200001, 	-2143.427687, 	44.660000
7, 	0.000166, 	55.009998, 	-2825.239350, 	28.000000
8, 	0.000130, 	59.639999, 	-3785.587808, 	17.430000
9, 	0.000109, 	61.820000, 	-5548.345481, 	16.490000
10, 	0.000099, 	63.180000, 	-6819.648519, 	16.549999
11, 	0.000094, 	64.110001, 	-7613.527862, 	16.639999
12, 	0.000091, 	64.750000, 	-8786.785856, 	17.549999
13, 	0.000089, 	65.689995, 	-9165.576154, 	17.350000
14, 	0.000088, 	66.790001, 	-9664.008439, 	17.350000
15, 	0.000086, 	67.369995, 	-10070.188591, 	17.549999
16, 	0.000085, 	67.629997, 	-10198.890990, 	17.289999
17, 	0.000084, 	68.009995, 	-11143.543681, 	17.910000
18, 	0.000083, 	69.110001, 	-10460.051902, 	16.889999
19, 	0.000082, 	69.650002, 	-10830.428557, 	17.209999
20, 	0.000081, 	70.269997, 	-10711.881735, 	16.779999
21, 	0.000080, 	71.089996, 	-11131.922999, 	17.020000
22, 	0.000080, 	70.699997, 	-11430.270346, 	17.559999
23, 	0.000078, 	71.189995, 	-10874.913300, 	16.879999
24, 	0.000078, 	71.709999, 	-11006.288008, 	17.260000
25, 	0.000078, 	70.799995, 	-11416.192902, 	17.330000
26, 	0.000076, 	71.809998, 	-10342.212498, 	16.529999
27, 	0.000076, 	72.189995, 	-10001.967708, 	16.559999
28, 	0.000076, 	72.269997, 	-10018.342560, 	16.750000
29, 	0.000075, 	72.290001, 	-9492.093402, 	16.750000
30, 	0.000074, 	72.489998, 	-9428.024663, 	16.949999
31, 	0.000074, 	72.549995, 	-8114.743165, 	16.289999
32, 	0.000075, 	72.019997, 	-8866.785869, 	17.129999
33, 	0.000072, 	73.019997, 	-6950.070006, 	15.889999
34, 	0.000072, 	73.739998, 	-6763.407262, 	16.000000
35, 	0.000072, 	72.989998, 	-6617.549422, 	16.459999
36, 	0.000072, 	73.320000, 	-5882.223621, 	16.309999
37, 	0.000072, 	73.309998, 	-5426.625573, 	16.240000
38, 	0.000072, 	73.430000, 	-5268.068006, 	16.250000
39, 	0.000071, 	73.489998, 	-4395.286795, 	16.180000
40, 	0.000072, 	73.659996, 	-4357.252324, 	16.760000
41, 	0.000072, 	73.099998, 	-4162.355210, 	17.260000
42, 	0.000070, 	73.750000, 	-2360.501644, 	16.420000
43, 	0.000070, 	73.979996, 	-1794.595656, 	16.150000
44, 	0.000070, 	74.680000, 	-745.883598, 	15.870000
45, 	0.000072, 	73.489998, 	-1918.935257, 	17.410000
46, 	0.000070, 	74.059998, 	299.525774, 	16.209999
47, 	0.000070, 	74.099998, 	795.223258, 	16.490000
48, 	0.000070, 	74.519997, 	1582.191892, 	16.080000
49, 	0.000070, 	74.479996, 	1879.573038, 	16.559999
50, 	0.000070, 	74.650002, 	2260.154450, 	16.840000
