1, 	0.000225, 	27.070000, 	-151.091350, 	2.990000
2, 	0.000214, 	49.090000, 	-1346.560743, 	24.639999
3, 	0.000187, 	70.189995, 	-2129.790230, 	19.590000
4, 	0.000127, 	77.419998, 	-701.137907, 	11.790000
5, 	0.000077, 	82.699997, 	585.207414, 	10.340000
6, 	0.000057, 	86.250000, 	-285.665792, 	10.259999
7, 	0.000047, 	87.739998, 	-1518.060218, 	10.240000
8, 	0.000042, 	88.689995, 	-3415.337271, 	10.389999
9, 	0.000038, 	89.299995, 	-4323.633403, 	10.370000
10, 	0.000036, 	89.879997, 	-4719.197885, 	10.330000
11, 	0.000034, 	90.419998, 	-5524.591712, 	10.340000
12, 	0.000032, 	90.809998, 	-6147.918342, 	10.400000
13, 	0.000031, 	91.220001, 	-6364.363412, 	10.389999
14, 	0.000030, 	91.599998, 	-7292.283713, 	10.389999
15, 	0.000028, 	91.909996, 	-6271.944373, 	10.370000
16, 	0.000027, 	92.040001, 	-5580.057449, 	10.320000
17, 	0.000027, 	92.320000, 	-6182.103030, 	10.349999
18, 	0.000026, 	92.649994, 	-6424.623442, 	10.389999
19, 	0.000025, 	92.759995, 	-6119.365103, 	10.370000
20, 	0.000024, 	93.009995, 	-5028.281020, 	10.280000
21, 	0.000024, 	93.250000, 	-5348.830023, 	10.330000
22, 	0.000023, 	93.489998, 	-4815.445533, 	10.320000
23, 	0.000022, 	93.599998, 	-5276.252581, 	10.360000
24, 	0.000022, 	93.820000, 	-5008.847225, 	10.370000
25, 	0.000021, 	93.899994, 	-4574.963382, 	10.360000
26, 	0.000021, 	94.040001, 	-4057.194111, 	10.349999
27, 	0.000020, 	94.220001, 	-4365.293506, 	10.370000
28, 	0.000020, 	94.290001, 	-3594.017963, 	10.309999
29, 	0.000019, 	94.459999, 	-4432.004726, 	10.340000
30, 	0.000019, 	94.649994, 	-3244.183730, 	10.250000
31, 	0.000018, 	94.779999, 	-3114.000016, 	10.280000
32, 	0.000018, 	94.889999, 	-2895.485251, 	10.240000
33, 	0.000017, 	94.930000, 	-3143.768913, 	10.280000
34, 	0.000017, 	95.049995, 	-2636.885116, 	10.280000
35, 	0.000017, 	95.180000, 	-1596.861078, 	10.230000
36, 	0.000016, 	95.279999, 	-2384.431232, 	10.270000
37, 	0.000016, 	95.419998, 	-1571.571888, 	10.240000
38, 	0.000016, 	95.509995, 	-1715.922413, 	10.230000
39, 	0.000015, 	95.629997, 	-693.218239, 	10.200000
40, 	0.000015, 	95.599998, 	-736.611511, 	10.219999
41, 	0.000015, 	95.639999, 	-939.431021, 	10.240000
42, 	0.000014, 	95.759995, 	-403.148437, 	10.210000
43, 	0.000014, 	95.889999, 	-390.656769, 	10.219999
44, 	0.000014, 	95.829994, 	102.725730, 	10.200000
45, 	0.000014, 	95.930000, 	-400.116710, 	10.219999
46, 	0.000013, 	96.029999, 	69.865492, 	10.219999
47, 	0.000013, 	95.970001, 	280.416895, 	10.200000
48, 	0.000013, 	96.099998, 	516.468536, 	10.210000
49, 	0.000013, 	96.139999, 	976.534063, 	10.210000
50, 	0.000012, 	96.239998, 	902.745948, 	10.219999
