1, 	-1103.470537, 	11.050000
2, 	-569.450017, 	11.020000
3, 	-3430.323898, 	10.540000
4, 	-10147.456996, 	11.460000
5, 	-13611.207654, 	11.549999
6, 	-14703.364794, 	11.300000
7, 	-17151.203420, 	11.940000
8, 	-15379.116292, 	11.460000
9, 	-14078.141854, 	11.030000
10, 	-16867.883156, 	11.910000
11, 	-17231.703024, 	12.130000
12, 	-17433.477254, 	12.130000
13, 	-17008.065226, 	12.040000
14, 	-18210.150003, 	12.389999
15, 	-18825.120956, 	11.940000
16, 	-19870.953418, 	12.549999
17, 	-18552.340129, 	11.889999
18, 	-19836.098645, 	12.110000
19, 	-18815.571801, 	11.809999
20, 	-20065.615062, 	12.200000
21, 	-20783.849199, 	12.049999
22, 	-20648.304475, 	12.139999
23, 	-22919.892528, 	12.620000
24, 	-19847.313036, 	11.480000
25, 	-21844.486167, 	12.400000
26, 	-21237.334134, 	12.059999
27, 	-21082.817031, 	11.780000
28, 	-20850.943387, 	12.040000
29, 	-20500.174655, 	12.080000
30, 	-18889.211350, 	11.320000
31, 	-20566.685528, 	11.820000
32, 	-19416.099029, 	11.690000
33, 	-20724.302700, 	11.910000
34, 	-20691.107235, 	11.809999
35, 	-21259.444956, 	12.380000
36, 	-18869.948829, 	11.330000
37, 	-18692.531337, 	11.290000
38, 	-18598.882598, 	11.530000
39, 	-18791.427420, 	11.690000
40, 	-18455.023348, 	11.429999
41, 	-19148.582202, 	11.750000
42, 	-17788.086660, 	11.910000
43, 	-16781.301214, 	10.840000
44, 	-17446.448777, 	11.389999
45, 	-18003.453116, 	11.900000
46, 	-18528.629122, 	12.040000
47, 	-18104.552288, 	11.900000
48, 	-17839.931120, 	11.809999
49, 	-16139.201625, 	11.130000
50, 	-16307.945953, 	11.130000
