1, 	0.000225, 	24.160000, 	-1107.861695, 	41.779999
2, 	0.000216, 	14.599999, 	-3442.724477, 	88.820000
3, 	0.000194, 	47.309998, 	-5256.478261, 	52.129997
4, 	0.000141, 	71.790001, 	-5777.191648, 	21.730000
5, 	0.000089, 	79.650002, 	-8698.586266, 	15.460000
6, 	0.000067, 	82.909996, 	-13666.281954, 	15.219999
7, 	0.000057, 	84.790001, 	-18079.683505, 	14.730000
8, 	0.000052, 	85.549995, 	-22518.743742, 	14.929999
9, 	0.000044, 	87.729996, 	-18787.044318, 	12.719999
10, 	0.000044, 	87.500000, 	-23702.847507, 	13.650000
11, 	0.000043, 	87.599998, 	-26759.661360, 	14.099999
12, 	0.000040, 	88.479996, 	-25855.133709, 	13.460000
13, 	0.000038, 	89.049995, 	-26509.074007, 	13.349999
14, 	0.000037, 	89.180000, 	-27283.667799, 	13.349999
15, 	0.000035, 	89.570000, 	-26067.781244, 	13.059999
16, 	0.000034, 	89.949997, 	-26335.908866, 	13.030000
17, 	0.000033, 	90.189995, 	-25936.619101, 	12.960000
18, 	0.000032, 	90.739998, 	-25174.352577, 	12.750000
19, 	0.000031, 	90.860001, 	-25100.061599, 	12.660000
20, 	0.000030, 	91.339996, 	-23585.178648, 	12.299999
21, 	0.000029, 	91.809998, 	-22378.668609, 	12.070000
22, 	0.000028, 	91.849998, 	-22539.933101, 	12.090000
23, 	0.000028, 	91.889999, 	-23431.991037, 	12.299999
24, 	0.000028, 	92.009995, 	-23590.071095, 	12.299999
25, 	0.000027, 	92.229996, 	-22570.897847, 	12.219999
26, 	0.000026, 	92.629997, 	-20733.921293, 	11.950000
27, 	0.000025, 	92.889999, 	-19329.327973, 	11.849999
28, 	0.000025, 	92.689995, 	-20385.643920, 	12.020000
29, 	0.000024, 	93.000000, 	-20518.009440, 	12.070000
30, 	0.000023, 	93.220001, 	-18294.852207, 	11.820000
31, 	0.000022, 	93.689995, 	-14949.284310, 	11.460000
32, 	0.000022, 	93.540001, 	-16604.697808, 	11.660000
33, 	0.000022, 	93.739998, 	-16501.985883, 	11.650000
34, 	0.000021, 	93.879997, 	-16265.572821, 	11.710000
35, 	0.000020, 	94.110001, 	-13899.456680, 	11.500000
36, 	0.000021, 	94.139999, 	-15140.172837, 	11.630000
37, 	0.000020, 	94.309998, 	-13953.641443, 	11.520000
38, 	0.000020, 	94.399994, 	-13438.485476, 	11.509999
39, 	0.000019, 	94.489998, 	-13215.733669, 	11.490000
40, 	0.000019, 	94.549995, 	-11595.482257, 	11.450000
41, 	0.000018, 	94.619995, 	-11354.639000, 	11.460000
42, 	0.000018, 	94.659996, 	-9757.103867, 	11.380000
43, 	0.000018, 	94.699997, 	-10609.177603, 	11.480000
44, 	0.000017, 	94.889999, 	-8479.705823, 	11.340000
45, 	0.000017, 	94.849998, 	-8716.808784, 	11.400000
46, 	0.000017, 	95.070000, 	-7661.923182, 	11.300000
47, 	0.000016, 	95.159996, 	-6459.073672, 	11.170000
48, 	0.000016, 	95.159996, 	-6501.388684, 	11.290000
49, 	0.000016, 	95.229996, 	-5566.181243, 	11.259999
50, 	0.000016, 	95.129997, 	-6884.408357, 	11.450000
