1, 	0.000226, 	9.800000, 	-5028.379954, 	100.000000
2, 	0.000221, 	9.800000, 	-9932.647108, 	100.000000
3, 	0.000203, 	9.880000, 	-13102.628241, 	99.919998
4, 	0.000166, 	38.559998, 	-17292.750492, 	66.949997
5, 	0.000122, 	59.199997, 	-21612.021243, 	42.590000
6, 	0.000094, 	69.949997, 	-25411.457600, 	31.199999
7, 	0.000078, 	75.769997, 	-28842.053876, 	25.750000
8, 	0.000070, 	78.549995, 	-32238.167642, 	23.269999
9, 	0.000064, 	80.250000, 	-34295.090681, 	21.730000
10, 	0.000060, 	81.579994, 	-35862.348407, 	20.600000
11, 	0.000056, 	82.579994, 	-37382.550286, 	19.840000
12, 	0.000054, 	83.349998, 	-38543.986816, 	19.330000
13, 	0.000052, 	84.099998, 	-39558.611574, 	18.779999
14, 	0.000051, 	84.559998, 	-40646.997290, 	18.580000
15, 	0.000048, 	85.360001, 	-40486.032623, 	17.830000
16, 	0.000046, 	86.180000, 	-40404.910968, 	17.230000
17, 	0.000045, 	86.320000, 	-41740.053628, 	17.420000
18, 	0.000044, 	86.619995, 	-42426.266293, 	17.359999
19, 	0.000043, 	87.110001, 	-42616.417462, 	16.869999
20, 	0.000041, 	87.680000, 	-42066.940212, 	16.289999
21, 	0.000040, 	87.939995, 	-42878.249028, 	16.389999
22, 	0.000039, 	88.379997, 	-42865.856857, 	16.070000
23, 	0.000039, 	88.549995, 	-43760.021709, 	16.059999
24, 	0.000037, 	88.970001, 	-43850.140310, 	15.770000
25, 	0.000037, 	89.180000, 	-44316.151469, 	15.740000
26, 	0.000036, 	89.439995, 	-44209.609179, 	15.520000
27, 	0.000035, 	89.449997, 	-45169.143711, 	15.629999
28, 	0.000034, 	89.759995, 	-44861.978196, 	15.309999
29, 	0.000034, 	89.849998, 	-46087.341542, 	15.469999
30, 	0.000033, 	90.279999, 	-45369.521834, 	15.020000
31, 	0.000032, 	90.400002, 	-45929.937352, 	15.059999
32, 	0.000032, 	90.570000, 	-46227.778911, 	14.870000
33, 	0.000032, 	90.589996, 	-47205.641667, 	15.099999
34, 	0.000031, 	90.879997, 	-47017.184783, 	14.950000
35, 	0.000029, 	91.209999, 	-46666.164673, 	14.589999
36, 	0.000030, 	91.309998, 	-47647.612769, 	14.660000
37, 	0.000028, 	91.579994, 	-47113.525387, 	14.460000
38, 	0.000028, 	91.619995, 	-47951.963927, 	14.500000
39, 	0.000027, 	91.959999, 	-47312.452795, 	14.230000
40, 	0.000027, 	92.000000, 	-47946.663131, 	14.270000
41, 	0.000027, 	92.089996, 	-48570.510528, 	14.349999
42, 	0.000026, 	92.259995, 	-48673.619031, 	14.179999
43, 	0.000026, 	92.320000, 	-48982.983860, 	14.200000
44, 	0.000025, 	92.649994, 	-48546.811588, 	13.839999
45, 	0.000025, 	92.470001, 	-49948.482828, 	14.150000
46, 	0.000025, 	92.709999, 	-49578.200826, 	13.910000
47, 	0.000024, 	92.720001, 	-49997.627874, 	13.940000
48, 	0.000024, 	92.750000, 	-50197.331402, 	13.960000
49, 	0.000023, 	92.930000, 	-50220.984280, 	13.839999
50, 	0.000023, 	93.079994, 	-50368.227257, 	13.740000
