1, 	0.000230, 	10.000000, 	426.993785, 	0.000000
2, 	0.000229, 	10.000000, 	69.981084, 	0.000000
3, 	0.000227, 	14.929999, 	-468.178450, 	36.180000
4, 	0.000224, 	18.670000, 	-1307.880172, 	69.089996
5, 	0.000219, 	19.070000, 	-2593.421206, 	71.519997
6, 	0.000206, 	26.219999, 	-3986.746419, 	63.139999
7, 	0.000176, 	38.450001, 	-5154.048310, 	54.989998
8, 	0.000139, 	52.419998, 	-8275.497238, 	33.369999
9, 	0.000114, 	59.219997, 	-10937.011010, 	22.219999
10, 	0.000105, 	59.279999, 	-15472.936996, 	23.769999
11, 	0.000100, 	60.849998, 	-18764.589732, 	23.779999
12, 	0.000096, 	62.349998, 	-20167.227806, 	22.019999
13, 	0.000094, 	63.189999, 	-21799.548838, 	21.990000
14, 	0.000092, 	64.830002, 	-23165.021534, 	21.549999
15, 	0.000090, 	65.599998, 	-23638.705656, 	20.580000
16, 	0.000088, 	66.389999, 	-24670.168266, 	20.100000
17, 	0.000087, 	67.580002, 	-24892.192282, 	19.279999
18, 	0.000085, 	68.269997, 	-25021.428201, 	18.379999
19, 	0.000085, 	68.470001, 	-26657.462436, 	19.490000
20, 	0.000083, 	69.369995, 	-26765.293244, 	17.789999
21, 	0.000081, 	70.290001, 	-26438.807266, 	16.750000
22, 	0.000082, 	70.259995, 	-27888.956177, 	18.430000
23, 	0.000081, 	70.379997, 	-27870.611560, 	17.459999
24, 	0.000081, 	70.309998, 	-29173.293439, 	18.359999
25, 	0.000082, 	69.779999, 	-29790.068770, 	18.740000
26, 	0.000078, 	71.229996, 	-27478.472580, 	16.109999
27, 	0.000076, 	72.059998, 	-27158.589226, 	15.799999
28, 	0.000079, 	71.259995, 	-29094.096359, 	17.109999
29, 	0.000077, 	71.669998, 	-28635.249580, 	16.170000
30, 	0.000078, 	71.379997, 	-30284.006046, 	17.400000
31, 	0.000073, 	73.110001, 	-24807.253343, 	13.650000
32, 	0.000077, 	71.919998, 	-29099.818856, 	16.209999
33, 	0.000074, 	72.799995, 	-28065.425777, 	15.520000
34, 	0.000073, 	73.049995, 	-28160.562873, 	15.490000
35, 	0.000074, 	72.790001, 	-28409.433268, 	15.750000
36, 	0.000074, 	72.809998, 	-28579.744124, 	15.690000
37, 	0.000074, 	72.580002, 	-29209.247083, 	15.620000
38, 	0.000074, 	72.610001, 	-29158.905161, 	15.860000
39, 	0.000075, 	72.449997, 	-29746.276214, 	16.190001
40, 	0.000072, 	73.389999, 	-28319.798899, 	15.320000
41, 	0.000073, 	73.119995, 	-28492.486797, 	15.759999
42, 	0.000072, 	73.290001, 	-28222.476267, 	15.240000
43, 	0.000072, 	73.169998, 	-28703.778629, 	15.559999
44, 	0.000071, 	73.979996, 	-27684.465867, 	15.049999
45, 	0.000074, 	72.759995, 	-29413.705943, 	16.270000
46, 	0.000071, 	73.669998, 	-28032.756682, 	15.349999
47, 	0.000070, 	74.000000, 	-26889.405746, 	14.879999
48, 	0.000071, 	73.659996, 	-28138.995179, 	15.170000
49, 	0.000072, 	73.489998, 	-28896.421890, 	16.139999
50, 	0.000072, 	73.739998, 	-29607.373913, 	16.410000
