1, 	0.000227, 	9.800000, 	-5876.323590, 	100.000000
2, 	0.000224, 	9.800000, 	-11395.706448, 	100.000000
3, 	0.000212, 	9.800000, 	-15225.494586, 	100.000000
4, 	0.000185, 	24.559999, 	-20253.362781, 	84.070000
5, 	0.000147, 	46.169998, 	-25728.068132, 	58.719997
6, 	0.000119, 	58.009998, 	-30637.794606, 	45.279999
7, 	0.000103, 	64.500000, 	-35004.814227, 	38.790001
8, 	0.000097, 	67.150002, 	-39883.320270, 	36.540001
9, 	0.000091, 	69.830002, 	-42914.209319, 	33.860001
10, 	0.000085, 	72.019997, 	-44495.868828, 	31.539999
11, 	0.000083, 	72.919998, 	-46855.743116, 	30.840000
12, 	0.000080, 	74.070000, 	-48282.272968, 	29.929998
13, 	0.000078, 	75.059998, 	-49351.287940, 	29.019999
14, 	0.000077, 	75.459999, 	-50522.251650, 	28.879999
15, 	0.000073, 	76.650002, 	-50643.752834, 	27.670000
16, 	0.000070, 	77.809998, 	-50122.357701, 	26.639999
17, 	0.000071, 	77.360001, 	-51877.787844, 	27.389999
18, 	0.000070, 	78.019997, 	-52175.084791, 	26.849998
19, 	0.000068, 	78.610001, 	-52192.963384, 	26.279999
20, 	0.000064, 	79.709999, 	-51424.498923, 	25.099998
21, 	0.000064, 	79.720001, 	-52138.534952, 	25.400000
22, 	0.000063, 	80.040001, 	-52561.871284, 	25.240000
23, 	0.000063, 	80.169998, 	-53201.164938, 	25.269999
24, 	0.000062, 	80.799995, 	-52978.227966, 	24.830000
25, 	0.000060, 	81.479996, 	-52833.163978, 	24.170000
26, 	0.000057, 	82.470001, 	-52068.982589, 	23.180000
27, 	0.000059, 	81.759995, 	-53375.782814, 	24.189999
28, 	0.000056, 	82.799995, 	-52396.875679, 	23.059999
29, 	0.000057, 	82.599998, 	-53342.098142, 	23.459999
30, 	0.000053, 	83.559998, 	-52164.238107, 	22.469999
31, 	0.000054, 	83.269997, 	-53040.428362, 	23.000000
32, 	0.000052, 	83.889999, 	-52564.797808, 	22.389999
33, 	0.000053, 	83.709999, 	-52986.535928, 	22.639999
34, 	0.000052, 	84.079994, 	-52898.817343, 	22.359999
35, 	0.000049, 	84.799995, 	-52036.325477, 	21.660000
36, 	0.000050, 	84.579994, 	-52729.489436, 	22.010000
37, 	0.000048, 	85.169998, 	-52077.252882, 	21.480000
38, 	0.000048, 	85.209999, 	-52405.808137, 	21.529999
39, 	0.000045, 	85.970001, 	-51537.767691, 	20.820000
40, 	0.000045, 	85.949997, 	-51849.771686, 	20.840000
41, 	0.000046, 	85.829994, 	-52608.098623, 	21.059999
42, 	0.000046, 	85.909996, 	-52849.201003, 	21.090000
43, 	0.000046, 	85.839996, 	-53238.214028, 	21.260000
44, 	0.000043, 	86.820000, 	-51510.016886, 	20.189999
45, 	0.000044, 	86.299995, 	-52925.062929, 	20.879999
46, 	0.000042, 	86.970001, 	-52148.507736, 	20.209999
47, 	0.000043, 	86.769997, 	-52738.954606, 	20.459999
48, 	0.000043, 	86.720001, 	-52805.120675, 	20.570000
49, 	0.000041, 	87.150002, 	-52265.989593, 	20.129999
50, 	0.000040, 	87.629997, 	-51757.826636, 	19.769999
