1, 	0.000230, 	9.980000, 	-1887.967335, 	99.970001
2, 	0.000230, 	10.000000, 	-6387.250003, 	100.000000
3, 	0.000229, 	10.000000, 	-9218.502280, 	100.000000
4, 	0.000223, 	10.000000, 	-10481.456718, 	100.000000
5, 	0.000210, 	15.360000, 	-13174.044728, 	86.279999
6, 	0.000188, 	28.039999, 	-18229.755337, 	70.180000
7, 	0.000171, 	33.860001, 	-24610.762952, 	64.199997
8, 	0.000155, 	39.289997, 	-29328.138602, 	59.320000
9, 	0.000143, 	46.529999, 	-32949.964194, 	52.340000
10, 	0.000137, 	49.230000, 	-36450.001345, 	49.840000
11, 	0.000131, 	51.119999, 	-38916.105272, 	48.090000
12, 	0.000129, 	52.109997, 	-41775.646258, 	47.180000
13, 	0.000125, 	53.009998, 	-43368.062934, 	46.259998
14, 	0.000120, 	54.230000, 	-44653.889798, 	44.770000
15, 	0.000119, 	54.879997, 	-46400.368179, 	44.369999
16, 	0.000115, 	55.619999, 	-46977.981530, 	42.700001
17, 	0.000114, 	55.939999, 	-48251.519514, 	42.739998
18, 	0.000111, 	56.980000, 	-48584.707097, 	41.110001
19, 	0.000111, 	57.029999, 	-49812.154529, 	41.709999
20, 	0.000106, 	58.619999, 	-49467.386728, 	38.739998
21, 	0.000105, 	59.329998, 	-49863.874323, 	38.020000
22, 	0.000106, 	58.989998, 	-51195.468443, 	38.910000
23, 	0.000103, 	60.199997, 	-50858.090308, 	36.209999
24, 	0.000101, 	61.219997, 	-51056.041965, 	35.149998
25, 	0.000102, 	60.779999, 	-51975.958961, 	35.309998
26, 	0.000098, 	62.889999, 	-51515.391024, 	32.250000
27, 	0.000096, 	64.059998, 	-51528.014856, 	30.939999
28, 	0.000097, 	63.779999, 	-52330.067660, 	31.299999
29, 	0.000093, 	65.139999, 	-51888.531800, 	28.900000
30, 	0.000094, 	64.860001, 	-52936.772531, 	29.820000
31, 	0.000091, 	66.260002, 	-52437.903826, 	27.629999
32, 	0.000094, 	65.299995, 	-54016.241089, 	29.029999
33, 	0.000088, 	67.540001, 	-52486.219776, 	26.459999
34, 	0.000088, 	67.849998, 	-52761.260543, 	26.439999
35, 	0.000088, 	67.639999, 	-53230.273742, 	26.539999
36, 	0.000088, 	67.519997, 	-53722.673243, 	26.400000
37, 	0.000087, 	68.139999, 	-53547.415681, 	25.629999
38, 	0.000088, 	67.820000, 	-54131.003777, 	26.080000
39, 	0.000086, 	68.419998, 	-53806.986501, 	25.309999
40, 	0.000086, 	68.419998, 	-54074.880405, 	25.809999
41, 	0.000088, 	67.540001, 	-55116.054252, 	27.000000
42, 	0.000085, 	68.830002, 	-54348.065819, 	25.349998
43, 	0.000084, 	69.019997, 	-54639.155455, 	25.080000
44, 	0.000084, 	69.509995, 	-54581.289232, 	24.709999
45, 	0.000087, 	68.019997, 	-56189.480776, 	26.500000
46, 	0.000084, 	69.220001, 	-55256.055271, 	24.789999
47, 	0.000083, 	69.479996, 	-55411.457275, 	24.570000
48, 	0.000082, 	69.790001, 	-55419.857457, 	24.119999
49, 	0.000084, 	69.259995, 	-56272.541537, 	25.010000
50, 	0.000082, 	69.860001, 	-56317.974396, 	24.529999
