1, 	-16778.483295, 	27.709999
2, 	-20598.487970, 	16.270000
3, 	-29134.251907, 	17.820000
4, 	-29137.599194, 	15.940000
5, 	-31012.605181, 	15.639999
6, 	-31970.949362, 	15.410000
7, 	-33252.948052, 	15.009999
8, 	-32847.199436, 	14.240000
9, 	-32383.988536, 	13.790000
10, 	-34917.187893, 	14.200000
11, 	-33603.977083, 	13.500000
12, 	-36313.148329, 	13.719999
13, 	-35920.901946, 	13.290000
14, 	-36153.379625, 	13.099999
15, 	-37119.342152, 	13.160000
16, 	-39209.127018, 	13.280000
17, 	-40031.027462, 	13.200000
18, 	-38103.818719, 	12.599999
19, 	-40610.723275, 	12.910000
20, 	-38816.826855, 	12.460000
21, 	-40564.060966, 	12.599999
22, 	-41191.268876, 	12.540000
23, 	-41870.144955, 	12.480000
24, 	-42768.466854, 	12.500000
25, 	-42466.057345, 	12.420000
26, 	-44077.095316, 	12.620000
27, 	-44794.428109, 	12.480000
28, 	-43597.087862, 	12.160000
29, 	-45178.792942, 	12.340000
30, 	-46211.685109, 	12.410000
31, 	-45188.162181, 	12.009999
32, 	-45957.684083, 	12.190000
33, 	-47400.159840, 	12.330000
34, 	-48014.306849, 	12.349999
35, 	-48567.713209, 	12.360000
36, 	-48991.188695, 	12.259999
37, 	-48894.211032, 	12.110000
38, 	-49291.455364, 	12.049999
39, 	-49669.298951, 	12.139999
40, 	-49033.125482, 	11.969999
41, 	-51032.513926, 	12.120000
42, 	-51036.465618, 	12.110000
43, 	-50967.511864, 	12.049999
44, 	-49096.391764, 	11.700000
45, 	-50948.492371, 	11.860000
46, 	-52344.349938, 	12.090000
47, 	-52854.892759, 	11.929999
48, 	-53202.446368, 	11.920000
49, 	-53424.591318, 	11.830000
50, 	-53422.345465, 	11.830000
