1, 	0.000230, 	10.000000, 	593.449398, 	0.000000
2, 	0.000229, 	10.000000, 	446.837132, 	0.000000
3, 	0.000227, 	16.459999, 	190.634172, 	0.000000
4, 	0.000224, 	30.379999, 	-246.986262, 	10.800000
5, 	0.000217, 	35.619999, 	-959.981399, 	30.900000
6, 	0.000200, 	37.389999, 	-1826.691249, 	34.689999
7, 	0.000166, 	57.629997, 	-2442.407112, 	21.359999
8, 	0.000129, 	59.980000, 	-3401.842719, 	15.020000
9, 	0.000108, 	62.320000, 	-4568.825962, 	13.759999
10, 	0.000097, 	63.849998, 	-5661.543308, 	14.059999
11, 	0.000092, 	65.529999, 	-6101.295553, 	13.809999
12, 	0.000089, 	65.729996, 	-6959.905004, 	14.250000
13, 	0.000086, 	67.279999, 	-7159.173917, 	13.960000
14, 	0.000084, 	68.330002, 	-7486.430887, 	13.790000
15, 	0.000083, 	69.180000, 	-8107.955975, 	13.630000
16, 	0.000081, 	69.549995, 	-8216.124632, 	13.400000
17, 	0.000080, 	70.290001, 	-8761.329932, 	13.469999
18, 	0.000079, 	70.540001, 	-9063.105495, 	13.299999
19, 	0.000078, 	71.080002, 	-9643.300777, 	13.469999
20, 	0.000077, 	71.779999, 	-9693.579640, 	13.170000
21, 	0.000076, 	72.489998, 	-10011.755672, 	13.110000
22, 	0.000075, 	72.349998, 	-10978.701451, 	13.700000
23, 	0.000074, 	72.549995, 	-10920.371688, 	13.250000
24, 	0.000073, 	73.150002, 	-10628.870695, 	13.160000
25, 	0.000073, 	72.769997, 	-11377.856599, 	13.620000
26, 	0.000072, 	73.360001, 	-10819.753179, 	13.110000
27, 	0.000071, 	73.849998, 	-10485.992349, 	12.960000
28, 	0.000071, 	73.779999, 	-10945.544532, 	13.219999
29, 	0.000070, 	73.970001, 	-10111.683007, 	12.870000
30, 	0.000070, 	74.269997, 	-10679.746704, 	13.110000
31, 	0.000070, 	74.199997, 	-9889.487616, 	12.809999
32, 	0.000070, 	73.799995, 	-10750.764079, 	13.230000
33, 	0.000069, 	74.610001, 	-9389.374625, 	12.750000
34, 	0.000068, 	75.080002, 	-9203.250371, 	12.580000
35, 	0.000068, 	74.809998, 	-9294.173648, 	12.889999
36, 	0.000068, 	74.639999, 	-9630.152821, 	12.990000
37, 	0.000068, 	74.750000, 	-9200.701519, 	12.780000
38, 	0.000068, 	74.879997, 	-9438.702439, 	12.950000
39, 	0.000067, 	74.879997, 	-8727.809230, 	12.870000
40, 	0.000067, 	75.409996, 	-8587.632473, 	12.990000
41, 	0.000068, 	75.029999, 	-8946.953069, 	13.400000
42, 	0.000066, 	75.509995, 	-7736.957945, 	12.929999
43, 	0.000066, 	75.720001, 	-7608.831304, 	12.990000
44, 	0.000066, 	75.919998, 	-7066.609617, 	12.770000
45, 	0.000067, 	75.369995, 	-8090.593508, 	13.480000
46, 	0.000066, 	75.769997, 	-6665.762917, 	13.049999
47, 	0.000066, 	75.720001, 	-6545.266425, 	13.179999
48, 	0.000065, 	75.939995, 	-6197.507559, 	12.849999
49, 	0.000066, 	75.860001, 	-6294.125842, 	13.270000
50, 	0.000065, 	76.239998, 	-6130.740741, 	13.290000
