1, 	0.000225, 	30.689999, 	-534.888557, 	12.759999
2, 	0.000215, 	35.419998, 	-2079.918667, 	46.079998
3, 	0.000190, 	64.439995, 	-3078.812117, 	27.840000
4, 	0.000133, 	76.519997, 	-2171.209426, 	13.490000
5, 	0.000081, 	82.299995, 	-1655.363435, 	11.009999
6, 	0.000060, 	85.619995, 	-4763.383599, 	11.290000
7, 	0.000050, 	87.259995, 	-8069.739484, 	11.429999
8, 	0.000044, 	88.040001, 	-11387.320519, 	11.580000
9, 	0.000041, 	88.900002, 	-12777.714623, 	11.450000
10, 	0.000038, 	89.220001, 	-14261.884510, 	11.450000
11, 	0.000036, 	89.839996, 	-14397.772931, 	11.230000
12, 	0.000034, 	90.269997, 	-15089.148592, 	11.210000
13, 	0.000033, 	90.739998, 	-15735.887611, 	11.200000
14, 	0.000032, 	91.040001, 	-16493.292924, 	11.210000
15, 	0.000030, 	91.279999, 	-16043.740440, 	11.090000
16, 	0.000029, 	91.750000, 	-14759.615712, 	10.920000
17, 	0.000028, 	91.919998, 	-15857.518084, 	11.009999
18, 	0.000028, 	92.139999, 	-15841.354344, 	11.040000
19, 	0.000027, 	92.349998, 	-15197.294095, 	10.940000
20, 	0.000026, 	92.649994, 	-13313.319551, 	10.780000
21, 	0.000025, 	92.860001, 	-14036.624125, 	10.830000
22, 	0.000024, 	93.009995, 	-13072.527080, 	10.800000
23, 	0.000024, 	93.189995, 	-12994.573768, 	10.809999
24, 	0.000023, 	93.379997, 	-12896.330230, 	10.830000
25, 	0.000023, 	93.369995, 	-13046.344325, 	10.830000
26, 	0.000022, 	93.610001, 	-12112.374542, 	10.780000
27, 	0.000022, 	93.790001, 	-12173.192952, 	10.800000
28, 	0.000021, 	93.899994, 	-11700.805393, 	10.759999
29, 	0.000021, 	94.009995, 	-12414.103648, 	10.820000
30, 	0.000020, 	94.250000, 	-10865.317436, 	10.690000
31, 	0.000020, 	94.299995, 	-11349.521365, 	10.719999
32, 	0.000019, 	94.489998, 	-10465.629356, 	10.650000
33, 	0.000019, 	94.589996, 	-10927.096629, 	10.719999
34, 	0.000018, 	94.709999, 	-10142.733052, 	10.660000
35, 	0.000018, 	94.869995, 	-9442.533465, 	10.650000
36, 	0.000018, 	94.939995, 	-10047.893730, 	10.700000
37, 	0.000017, 	95.019997, 	-9002.855281, 	10.660000
38, 	0.000017, 	95.049995, 	-9395.476353, 	10.670000
39, 	0.000017, 	95.269997, 	-8232.061660, 	10.610000
40, 	0.000016, 	95.329994, 	-7384.026711, 	10.530000
41, 	0.000016, 	95.329994, 	-8416.179381, 	10.610000
42, 	0.000016, 	95.329994, 	-8059.591465, 	10.599999
43, 	0.000015, 	95.449997, 	-8204.898754, 	10.630000
44, 	0.000015, 	95.579994, 	-6889.857467, 	10.530000
45, 	0.000015, 	95.459999, 	-8394.726821, 	10.630000
46, 	0.000015, 	95.689995, 	-7978.343154, 	10.590000
47, 	0.000015, 	95.720001, 	-7608.445421, 	10.550000
48, 	0.000014, 	95.769997, 	-7169.624722, 	10.590000
49, 	0.000014, 	95.909996, 	-6478.294054, 	10.530000
50, 	0.000014, 	96.000000, 	-6424.050038, 	10.550000
