1, 	-5297.026277, 	84.389999
2, 	-32165.197068, 	54.520000
3, 	-34562.275445, 	43.180000
4, 	-42650.383676, 	44.590000
5, 	-46014.844913, 	43.469997
6, 	-47144.666877, 	40.849998
7, 	-48824.790826, 	38.520000
8, 	-49192.998732, 	35.930000
9, 	-48786.440343, 	32.110001
10, 	-47234.272605, 	28.179998
11, 	-49061.058754, 	28.420000
12, 	-50222.846555, 	30.070000
13, 	-50102.616445, 	27.439999
14, 	-51456.983916, 	28.379999
15, 	-51051.558619, 	26.510000
16, 	-48782.764543, 	24.719999
17, 	-50097.053470, 	25.180000
18, 	-51222.843230, 	25.049999
19, 	-50028.372517, 	23.830000
20, 	-51429.058317, 	24.049999
21, 	-50611.920158, 	23.230000
22, 	-50388.892536, 	23.139999
23, 	-52447.443121, 	24.049999
24, 	-51417.158713, 	22.289999
25, 	-51710.824723, 	21.969999
26, 	-52727.075989, 	22.910000
27, 	-53681.775186, 	22.910000
28, 	-52916.275562, 	22.170000
29, 	-52641.675668, 	21.519999
30, 	-52392.968103, 	20.809999
31, 	-52857.930043, 	21.150000
32, 	-53586.460007, 	21.180000
33, 	-54356.926440, 	21.600000
34, 	-53412.539717, 	20.180000
35, 	-53332.162708, 	20.500000
36, 	-52563.783932, 	20.260000
37, 	-53545.714692, 	20.299999
38, 	-53193.868889, 	19.830000
39, 	-54318.047309, 	20.400000
40, 	-54037.135078, 	20.490000
41, 	-52951.991482, 	19.609999
42, 	-53829.059313, 	19.930000
43, 	-54665.772928, 	20.119999
44, 	-52728.592763, 	19.209999
45, 	-53940.208045, 	19.469999
46, 	-53100.274293, 	19.180000
47, 	-53852.775297, 	19.730000
48, 	-53257.138395, 	19.150000
49, 	-52768.487765, 	18.889999
50, 	-54131.793556, 	19.709999
