1, 	0.000225, 	30.689999, 	-506.783366, 	11.380000
2, 	0.000214, 	36.840000, 	-2165.631902, 	46.480000
3, 	0.000188, 	63.109997, 	-3410.440287, 	31.000000
4, 	0.000131, 	76.019997, 	-2878.067104, 	15.059999
5, 	0.000081, 	82.099998, 	-3122.552255, 	12.160000
6, 	0.000060, 	85.430000, 	-5939.862132, 	12.020000
7, 	0.000051, 	86.790001, 	-8812.674392, 	12.099999
8, 	0.000046, 	87.500000, 	-11389.568075, 	12.240000
9, 	0.000042, 	88.239998, 	-12316.295094, 	12.120000
10, 	0.000040, 	88.839996, 	-12766.074487, 	12.000000
11, 	0.000038, 	89.159996, 	-13360.500365, 	12.030000
12, 	0.000036, 	89.659996, 	-13271.977653, 	11.960000
13, 	0.000035, 	90.059998, 	-13020.747218, 	11.880000
14, 	0.000033, 	90.329994, 	-12994.577732, 	11.950000
15, 	0.000032, 	90.659996, 	-11410.064976, 	11.770000
16, 	0.000031, 	91.180000, 	-9941.177305, 	11.590000
17, 	0.000030, 	91.259995, 	-9909.343130, 	11.719999
18, 	0.000029, 	91.559998, 	-9053.081358, 	11.700000
19, 	0.000028, 	91.829994, 	-7854.108374, 	11.580000
20, 	0.000027, 	92.070000, 	-6134.128945, 	11.429999
21, 	0.000027, 	92.269997, 	-5539.954699, 	11.480000
22, 	0.000026, 	92.489998, 	-4198.450474, 	11.450000
23, 	0.000026, 	92.559998, 	-3399.462865, 	11.440000
24, 	0.000025, 	92.849998, 	-2279.359397, 	11.420000
25, 	0.000024, 	92.989998, 	-1106.349115, 	11.380000
26, 	0.000024, 	93.269997, 	328.517685, 	11.309999
27, 	0.000023, 	93.299995, 	691.083180, 	11.389999
28, 	0.000023, 	93.430000, 	2724.127903, 	11.270000
29, 	0.000022, 	93.649994, 	2892.097763, 	11.349999
30, 	0.000022, 	93.809998, 	5316.445233, 	11.210000
31, 	0.000021, 	93.839996, 	6267.494979, 	11.240000
32, 	0.000021, 	93.939995, 	7711.571570, 	11.190000
33, 	0.000020, 	94.029999, 	8425.695633, 	11.219999
34, 	0.000020, 	94.239998, 	10007.633357, 	11.150000
35, 	0.000019, 	94.470001, 	11847.241177, 	11.050000
36, 	0.000019, 	94.509995, 	12677.189801, 	11.110000
37, 	0.000019, 	94.589996, 	14552.034177, 	11.020000
38, 	0.000018, 	94.649994, 	15511.561262, 	11.030000
39, 	0.000018, 	94.790001, 	17387.173908, 	10.969999
40, 	0.000018, 	94.879997, 	18397.628130, 	10.969999
41, 	0.000017, 	94.949997, 	19385.531167, 	11.009999
42, 	0.000017, 	95.049995, 	21312.454425, 	10.960000
43, 	0.000017, 	95.049995, 	22462.820009, 	10.950000
44, 	0.000016, 	95.169998, 	24361.430609, 	10.920000
45, 	0.000016, 	95.180000, 	24740.334293, 	10.980000
46, 	0.000016, 	95.329994, 	26367.117406, 	10.950000
47, 	0.000016, 	95.299995, 	27835.268293, 	10.920000
48, 	0.000015, 	95.399994, 	29424.025907, 	10.940000
49, 	0.000015, 	95.430000, 	30791.422320, 	10.920000
50, 	0.000015, 	95.509995, 	32443.509778, 	10.900000
