1, 	0.612135, 	84.790001
2, 	0.368743, 	89.529999
3, 	0.323344, 	90.199997
4, 	0.264238, 	92.049995
5, 	0.247260, 	92.529999
6, 	0.241923, 	92.649994
7, 	0.237499, 	92.699997
8, 	0.230949, 	92.919998
9, 	0.226763, 	93.070000
10, 	0.227656, 	93.059998
11, 	0.227811, 	93.049995
12, 	0.229024, 	93.000000
13, 	0.225290, 	93.089996
14, 	0.226962, 	93.040001
15, 	0.227614, 	93.049995
16, 	0.227550, 	93.009995
17, 	0.228115, 	93.019997
18, 	0.217418, 	93.339996
19, 	0.218515, 	93.349998
20, 	0.219670, 	93.329994
21, 	0.220794, 	93.309998
22, 	0.221423, 	93.309998
23, 	0.221841, 	93.309998
24, 	0.222247, 	93.299995
25, 	0.190918, 	94.349998
26, 	0.195834, 	94.229996
27, 	0.192351, 	94.320000
28, 	0.194978, 	94.220001
29, 	0.197710, 	94.180000
30, 	0.199121, 	94.110001
31, 	0.199949, 	94.119995
32, 	0.201498, 	94.079994
33, 	0.195230, 	94.239998
34, 	0.196753, 	94.159996
35, 	0.198332, 	94.129997
36, 	0.199891, 	94.110001
37, 	0.201602, 	94.089996
38, 	0.201920, 	94.079994
39, 	0.202403, 	94.059998
40, 	0.202670, 	94.070000
41, 	0.203114, 	94.029999
42, 	0.174772, 	94.739998
43, 	0.177250, 	94.699997
44, 	0.179738, 	94.599998
45, 	0.182491, 	94.540001
46, 	0.183759, 	94.529999
47, 	0.185075, 	94.449997
48, 	0.186523, 	94.399994
49, 	0.187998, 	94.329994
50, 	0.188620, 	94.290001
