0, 	2.300252, 	11.320000
1, 	2.298706, 	12.030000
2, 	2.297133, 	13.110000
3, 	2.295507, 	14.139999
4, 	2.293813, 	14.440000
5, 	2.292037, 	14.440000
6, 	2.290163, 	14.490000
7, 	2.288174, 	14.110000
8, 	2.286053, 	14.230000
9, 	2.283783, 	14.379999
10, 	2.281335, 	14.599999
11, 	2.278700, 	15.059999
12, 	2.275833, 	15.549999
13, 	2.272728, 	16.070000
14, 	2.269343, 	16.889999
15, 	2.265636, 	17.730000
16, 	2.261578, 	18.559999
17, 	2.257129, 	19.580000
18, 	2.252255, 	20.279999
19, 	2.246913, 	21.100000
20, 	2.241064, 	21.779999
21, 	2.234685, 	22.309999
22, 	2.227810, 	22.730000
23, 	2.220358, 	23.049999
24, 	2.212265, 	23.349998
25, 	2.203559, 	23.750000
26, 	2.194308, 	24.039999
27, 	2.184555, 	24.260000
28, 	2.174378, 	24.449999
29, 	2.163873, 	24.709999
