0, 	2.301938, 	11.610000
1, 	2.300551, 	12.429999
2, 	2.299151, 	13.740000
3, 	2.297714, 	14.570000
4, 	2.296222, 	15.839999
5, 	2.294653, 	16.939999
6, 	2.292986, 	17.879999
7, 	2.291197, 	18.459999
8, 	2.289249, 	19.129999
9, 	2.287104, 	19.549999
10, 	2.284721, 	19.939999
11, 	2.282056, 	20.289999
12, 	2.279059, 	20.350000
13, 	2.275666, 	20.609999
14, 	2.271811, 	20.660000
15, 	2.267429, 	20.760000
16, 	2.262454, 	20.930000
17, 	2.256808, 	20.939999
18, 	2.250413, 	21.059999
19, 	2.243192, 	21.279999
20, 	2.235065, 	22.049999
21, 	2.225974, 	22.879999
22, 	2.215899, 	23.799999
23, 	2.204857, 	24.670000
24, 	2.192948, 	24.949999
25, 	2.180334, 	25.330000
26, 	2.167246, 	25.539999
27, 	2.153942, 	25.840000
28, 	2.140681, 	25.740000
29, 	2.127684, 	25.760000
0, 	2.286030, 	17.369999
