1, 	0.775862, 	83.889999
2, 	0.334477, 	90.899994
3, 	0.250955, 	93.070000
4, 	0.210611, 	93.930000
5, 	0.181633, 	94.820000
6, 	0.160275, 	95.329994
7, 	0.143539, 	95.769997
8, 	0.130605, 	96.000000
9, 	0.119545, 	96.299995
10, 	0.110754, 	96.589996
11, 	0.103518, 	96.809998
12, 	0.097199, 	97.019997
13, 	0.092332, 	97.189995
14, 	0.087747, 	97.320000
15, 	0.083572, 	97.459999
16, 	0.080415, 	97.589996
17, 	0.077448, 	97.639999
18, 	0.074604, 	97.699997
19, 	0.072583, 	97.799995
20, 	0.070804, 	97.769997
21, 	0.068403, 	97.899994
22, 	0.066925, 	97.909996
23, 	0.065212, 	97.970001
24, 	0.063635, 	98.000000
25, 	0.062237, 	98.099998
26, 	0.061561, 	98.089996
27, 	0.060450, 	98.139999
28, 	0.059534, 	98.149994
29, 	0.059094, 	98.159996
30, 	0.057633, 	98.220001
31, 	0.057372, 	98.220001
32, 	0.056631, 	98.239998
33, 	0.056219, 	98.259995
34, 	0.055218, 	98.299995
35, 	0.054887, 	98.299995
36, 	0.054850, 	98.269997
37, 	0.054843, 	98.299995
38, 	0.054198, 	98.269997
39, 	0.053066, 	98.290001
40, 	0.052575, 	98.349998
41, 	0.052305, 	98.299995
42, 	0.051799, 	98.360001
43, 	0.051478, 	98.379997
44, 	0.051368, 	98.360001
45, 	0.050996, 	98.399994
46, 	0.050921, 	98.360001
47, 	0.050670, 	98.369995
48, 	0.050134, 	98.360001
49, 	0.049681, 	98.389999
50, 	0.049641, 	98.339996
