0, 	2.302717, 	9.370000
1, 	2.300738, 	11.270000
2, 	2.298727, 	13.110000
3, 	2.296634, 	14.870000
4, 	2.294413, 	16.000000
5, 	2.291996, 	16.709999
6, 	2.289332, 	17.289999
7, 	2.286362, 	17.830000
8, 	2.283012, 	18.459999
9, 	2.279198, 	19.049999
10, 	2.274806, 	19.549999
11, 	2.269744, 	20.019999
12, 	2.263896, 	20.660000
13, 	2.257137, 	21.490000
14, 	2.249352, 	22.410000
15, 	2.240501, 	22.830000
16, 	2.230570, 	23.170000
17, 	2.219636, 	23.369999
18, 	2.207815, 	23.629999
19, 	2.195282, 	23.799999
20, 	2.182291, 	24.029999
21, 	2.169134, 	24.209999
22, 	2.156119, 	24.139999
23, 	2.143393, 	24.400000
24, 	2.131074, 	24.629999
25, 	2.119160, 	24.939999
26, 	2.107640, 	25.369999
27, 	2.096514, 	25.650000
28, 	2.085719, 	26.049999
29, 	2.075171, 	26.400000
