1, 	0.859204, 	84.639999
2, 	0.359924, 	90.629997
3, 	0.267907, 	92.720001
4, 	0.220722, 	93.739998
5, 	0.190135, 	94.329994
6, 	0.165505, 	95.019997
7, 	0.147968, 	95.599998
8, 	0.134363, 	95.930000
9, 	0.123770, 	96.209999
10, 	0.114557, 	96.570000
11, 	0.106612, 	96.769997
12, 	0.099824, 	96.860001
13, 	0.094192, 	97.079994
14, 	0.089165, 	97.250000
15, 	0.085436, 	97.349998
16, 	0.081692, 	97.500000
17, 	0.078130, 	97.559998
18, 	0.075507, 	97.649994
19, 	0.072443, 	97.729996
20, 	0.070365, 	97.759995
21, 	0.068422, 	97.860001
22, 	0.066697, 	97.879997
23, 	0.064813, 	97.889999
24, 	0.063002, 	97.970001
25, 	0.061490, 	97.979996
26, 	0.060392, 	98.000000
27, 	0.059126, 	98.079994
28, 	0.057929, 	98.139999
29, 	0.056958, 	98.129997
30, 	0.056175, 	98.220001
31, 	0.055134, 	98.250000
32, 	0.054382, 	98.279999
33, 	0.053349, 	98.309998
34, 	0.052459, 	98.329994
35, 	0.051832, 	98.360001
36, 	0.051078, 	98.339996
37, 	0.050491, 	98.360001
38, 	0.050059, 	98.399994
39, 	0.049076, 	98.449997
40, 	0.048529, 	98.430000
41, 	0.048159, 	98.430000
42, 	0.047598, 	98.439995
43, 	0.047057, 	98.479996
44, 	0.046549, 	98.459999
45, 	0.046048, 	98.449997
46, 	0.045822, 	98.459999
47, 	0.045658, 	98.470001
48, 	0.045219, 	98.500000
49, 	0.044750, 	98.489998
50, 	0.044383, 	98.500000
