1, 	2.307032, 	8.460000
2, 	2.307032, 	8.460000
3, 	2.307032, 	8.460000
4, 	2.307032, 	8.460000
5, 	2.307032, 	8.460000
6, 	2.307032, 	8.460000
7, 	2.307032, 	8.460000
8, 	2.307032, 	8.460000
9, 	2.307032, 	8.460000
10, 	2.307032, 	8.460000
11, 	2.307032, 	8.460000
12, 	2.307032, 	8.460000
13, 	2.307032, 	8.460000
14, 	2.307032, 	8.460000
15, 	2.307032, 	8.460000
16, 	2.307032, 	8.460000
17, 	2.307032, 	8.460000
18, 	2.307032, 	8.460000
19, 	2.307032, 	8.460000
20, 	2.307032, 	8.460000
21, 	2.307032, 	8.460000
22, 	2.307032, 	8.460000
23, 	2.307032, 	8.460000
24, 	2.307032, 	8.460000
25, 	2.307032, 	8.460000
26, 	2.307032, 	8.460000
27, 	2.307032, 	8.460000
28, 	2.307032, 	8.460000
29, 	2.307032, 	8.460000
30, 	2.307032, 	8.460000
31, 	2.307032, 	8.460000
32, 	2.307032, 	8.460000
33, 	2.307032, 	8.460000
34, 	2.307032, 	8.460000
35, 	2.307032, 	8.460000
36, 	2.307032, 	8.460000
37, 	2.307032, 	8.460000
38, 	2.307032, 	8.460000
39, 	2.307032, 	8.460000
40, 	2.307032, 	8.460000
41, 	2.307032, 	8.460000
42, 	2.307032, 	8.460000
43, 	2.307032, 	8.460000
44, 	2.307032, 	8.460000
45, 	2.307032, 	8.460000
46, 	2.307032, 	8.460000
47, 	2.307032, 	8.460000
48, 	2.307032, 	8.460000
49, 	2.307032, 	8.460000
50, 	2.307032, 	8.460000
