0, 	2.301253, 	9.150000
1, 	2.298830, 	10.259999
2, 	2.296382, 	10.929999
3, 	2.293840, 	12.099999
4, 	2.291132, 	13.480000
5, 	2.288168, 	14.530000
6, 	2.284862, 	15.839999
7, 	2.281116, 	16.930000
8, 	2.276815, 	18.080000
9, 	2.271804, 	19.150000
10, 	2.265942, 	20.119999
11, 	2.259107, 	21.250000
12, 	2.251124, 	21.969999
13, 	2.241876, 	22.730000
14, 	2.231231, 	23.439999
15, 	2.219082, 	23.840000
16, 	2.205477, 	24.160000
17, 	2.190584, 	24.629999
18, 	2.174721, 	24.900000
19, 	2.158361, 	25.349998
20, 	2.142078, 	25.430000
21, 	2.126287, 	25.719999
22, 	2.111271, 	25.830000
23, 	2.097093, 	26.240000
24, 	2.083654, 	26.559999
25, 	2.070798, 	26.969999
26, 	2.058305, 	27.199999
27, 	2.046123, 	27.609999
28, 	2.034177, 	27.929998
29, 	2.022226, 	28.279999
0, 	2.276967, 	20.109999
