0, 	2.299395, 	9.920000
1, 	2.295138, 	10.969999
2, 	2.290551, 	18.490000
3, 	2.285292, 	26.510000
4, 	2.279038, 	31.019999
5, 	2.271284, 	39.860001
6, 	2.261387, 	42.759998
7, 	2.248666, 	43.369999
8, 	2.231524, 	42.829998
9, 	2.207578, 	41.919998
10, 	2.171908, 	41.860001
11, 	2.116734, 	43.539997
12, 	2.028588, 	46.829998
13, 	1.889186, 	51.250000
14, 	1.691542, 	62.439999
15, 	1.473656, 	62.109997
16, 	1.288430, 	62.090000
17, 	1.155544, 	62.639999
18, 	1.066227, 	63.629997
19, 	1.005269, 	64.619995
20, 	0.962378, 	65.349998
21, 	0.930512, 	66.000000
22, 	0.905715, 	66.439995
23, 	0.885473, 	67.339996
24, 	0.868663, 	67.849998
25, 	0.854081, 	68.419998
26, 	0.840946, 	69.029999
27, 	0.829328, 	69.650002
28, 	0.818834, 	70.099998
29, 	0.809099, 	70.509995
