0, 	2.303328, 	8.320000
1, 	2.295313, 	7.730000
2, 	2.287076, 	19.139999
3, 	2.277610, 	24.730000
4, 	2.265958, 	27.539999
5, 	2.251128, 	33.329998
6, 	2.231555, 	38.779999
7, 	2.204743, 	44.849998
8, 	2.167193, 	50.889999
9, 	2.113224, 	55.559998
10, 	2.034167, 	58.149998
11, 	1.919223, 	59.379997
12, 	1.763596, 	59.889999
13, 	1.583852, 	60.500000
14, 	1.413331, 	61.129997
15, 	1.273898, 	61.660000
16, 	1.168418, 	62.389999
17, 	1.090689, 	63.070000
18, 	1.033443, 	63.840000
19, 	0.990602, 	64.459999
20, 	0.957776, 	65.269997
21, 	0.931747, 	66.049995
22, 	0.910612, 	66.779999
23, 	0.892724, 	67.239998
24, 	0.877525, 	67.970001
25, 	0.864338, 	68.449997
26, 	0.852522, 	68.949997
27, 	0.842131, 	69.250000
28, 	0.832650, 	69.419998
29, 	0.823719, 	69.839996
