1, 	2.260988, 	21.039999
2, 	2.195843, 	42.989998
3, 	2.067133, 	58.930000
4, 	1.786678, 	71.689995
5, 	1.299818, 	77.820000
6, 	0.888631, 	81.739998
7, 	0.670011, 	84.809998
8, 	0.552790, 	86.699997
9, 	0.481224, 	87.839996
10, 	0.433568, 	88.579994
11, 	0.398465, 	89.239998
12, 	0.374556, 	89.669998
13, 	0.355363, 	90.189995
14, 	0.338158, 	90.470001
15, 	0.323147, 	90.769997
16, 	0.309904, 	91.099998
17, 	0.298233, 	91.349998
18, 	0.287009, 	91.779999
19, 	0.276607, 	92.119995
20, 	0.268273, 	92.259995
21, 	0.259932, 	92.519997
22, 	0.251392, 	92.699997
23, 	0.245044, 	92.909996
24, 	0.238012, 	93.180000
25, 	0.231894, 	93.369995
26, 	0.226288, 	93.579994
27, 	0.221352, 	93.639999
28, 	0.215745, 	93.849998
29, 	0.209645, 	94.019997
30, 	0.205153, 	94.149994
31, 	0.200193, 	94.320000
32, 	0.195206, 	94.430000
33, 	0.191062, 	94.529999
34, 	0.187029, 	94.669998
35, 	0.182562, 	94.739998
36, 	0.179236, 	94.860001
37, 	0.175286, 	94.989998
38, 	0.171381, 	95.019997
39, 	0.167666, 	95.250000
40, 	0.164269, 	95.320000
41, 	0.161212, 	95.349998
42, 	0.158286, 	95.439995
43, 	0.155243, 	95.599998
44, 	0.151877, 	95.649994
45, 	0.148873, 	95.739998
46, 	0.145993, 	95.779999
47, 	0.143274, 	95.829994
48, 	0.140286, 	95.860001
49, 	0.137902, 	95.919998
50, 	0.135360, 	95.979996
