1, 	2.297858, 	10.000000
2, 	2.289033, 	10.000000
3, 	2.275980, 	10.050000
4, 	2.253917, 	22.269999
5, 	2.210357, 	26.869999
6, 	2.112555, 	28.299999
7, 	1.880489, 	48.539997
8, 	1.500246, 	60.079998
9, 	1.199280, 	61.829998
10, 	1.036723, 	63.459999
11, 	0.952701, 	65.209999
12, 	0.905810, 	65.939995
13, 	0.874756, 	67.019997
14, 	0.851436, 	68.229996
15, 	0.833409, 	68.889999
16, 	0.817272, 	69.619995
17, 	0.802232, 	70.269997
18, 	0.790985, 	70.739998
19, 	0.778651, 	71.470001
20, 	0.769226, 	71.500000
21, 	0.757324, 	72.400002
22, 	0.747680, 	72.750000
23, 	0.738159, 	73.259995
24, 	0.729397, 	73.519997
25, 	0.721105, 	73.769997
26, 	0.713148, 	74.320000
27, 	0.707954, 	74.559998
28, 	0.703256, 	74.540001
29, 	0.698892, 	74.739998
30, 	0.695149, 	74.909996
31, 	0.691832, 	75.049995
32, 	0.689319, 	75.070000
33, 	0.686051, 	75.019997
34, 	0.684031, 	74.989998
35, 	0.681994, 	75.080002
36, 	0.679193, 	75.119995
37, 	0.676998, 	75.080002
38, 	0.675344, 	75.279999
39, 	0.673014, 	75.379997
40, 	0.671139, 	75.439995
41, 	0.669032, 	75.500000
42, 	0.667325, 	75.489998
43, 	0.665224, 	75.729996
44, 	0.663188, 	75.769997
45, 	0.661624, 	75.799995
46, 	0.659580, 	75.769997
47, 	0.657819, 	75.729996
48, 	0.655795, 	75.970001
49, 	0.654277, 	75.909996
50, 	0.652194, 	76.209999
