1, 	2.296533, 	10.000000
2, 	2.285772, 	10.009999
3, 	2.268868, 	22.160000
4, 	2.237528, 	26.230000
5, 	2.168583, 	32.130001
6, 	2.000534, 	42.869999
7, 	1.647175, 	57.059998
8, 	1.286520, 	57.500000
9, 	1.072046, 	62.379997
10, 	0.976570, 	63.219997
11, 	0.917499, 	65.500000
12, 	0.891161, 	67.049995
13, 	0.884794, 	67.189995
14, 	0.882076, 	67.229996
15, 	0.880231, 	67.139999
16, 	0.879397, 	67.110001
17, 	0.878338, 	67.110001
18, 	0.879101, 	67.220001
19, 	0.880481, 	67.239998
20, 	0.881183, 	67.349998
21, 	0.881481, 	67.349998
22, 	0.880272, 	67.500000
23, 	0.879614, 	67.519997
24, 	0.880196, 	67.549995
25, 	0.879535, 	67.570000
26, 	0.879455, 	67.580002
27, 	0.878815, 	67.659996
28, 	0.879081, 	67.680000
29, 	0.877649, 	67.839996
30, 	0.876622, 	67.889999
31, 	0.874957, 	68.070000
32, 	0.874133, 	68.209999
33, 	0.873286, 	68.279999
34, 	0.872647, 	68.189995
35, 	0.872215, 	68.339996
36, 	0.871460, 	68.360001
37, 	0.870787, 	68.389999
38, 	0.870030, 	68.500000
39, 	0.870074, 	68.400002
40, 	0.869354, 	68.439995
41, 	0.868843, 	68.439995
42, 	0.868639, 	68.589996
43, 	0.868476, 	68.559998
44, 	0.868062, 	68.470001
45, 	0.868261, 	68.389999
46, 	0.868448, 	68.320000
47, 	0.868737, 	68.320000
48, 	0.869459, 	68.220001
49, 	0.869729, 	68.169998
50, 	0.870533, 	68.159996
