1, 	1.800766, 	57.129997
2, 	0.885277, 	66.169998
3, 	0.784101, 	71.229996
4, 	0.729025, 	73.540001
5, 	0.687842, 	75.220001
6, 	0.660779, 	76.199997
7, 	0.642429, 	77.089996
8, 	0.627273, 	77.509995
9, 	0.615966, 	77.500000
10, 	0.602577, 	78.150002
11, 	0.588954, 	78.579994
12, 	0.580360, 	78.799995
13, 	0.570996, 	79.089996
14, 	0.559691, 	79.400002
15, 	0.549192, 	79.829994
16, 	0.540286, 	80.089996
17, 	0.531768, 	80.549995
18, 	0.525029, 	80.820000
19, 	0.516419, 	81.129997
20, 	0.509014, 	81.419998
21, 	0.501879, 	81.799995
22, 	0.495771, 	82.139999
23, 	0.490133, 	82.389999
24, 	0.483998, 	82.519997
25, 	0.478044, 	82.959999
26, 	0.473989, 	83.049995
27, 	0.467536, 	83.339996
28, 	0.463041, 	83.549995
29, 	0.458462, 	83.809998
30, 	0.454120, 	84.089996
31, 	0.450795, 	84.180000
32, 	0.446307, 	84.509995
33, 	0.444051, 	84.409996
34, 	0.439639, 	84.559998
35, 	0.436320, 	84.589996
36, 	0.433260, 	84.669998
37, 	0.430601, 	84.779999
38, 	0.427262, 	84.799995
39, 	0.424725, 	84.989998
40, 	0.422733, 	85.000000
41, 	0.420446, 	85.139999
42, 	0.417919, 	85.239998
43, 	0.415655, 	85.309998
44, 	0.413899, 	85.299995
45, 	0.412123, 	85.279999
46, 	0.410827, 	85.369995
47, 	0.409342, 	85.430000
48, 	0.407867, 	85.529999
49, 	0.405374, 	85.659996
50, 	0.403261, 	85.829994
