0, 	2.299092, 	14.990000
1, 	2.296580, 	15.410000
2, 	2.293996, 	16.270000
3, 	2.291241, 	17.809999
4, 	2.288241, 	19.289999
5, 	2.284908, 	20.490000
6, 	2.281128, 	21.400000
7, 	2.276818, 	21.990000
8, 	2.271868, 	22.299999
9, 	2.266141, 	22.260000
10, 	2.259503, 	22.230000
11, 	2.251803, 	22.469999
12, 	2.242907, 	22.930000
13, 	2.232659, 	23.219999
14, 	2.220969, 	23.580000
15, 	2.207856, 	24.029999
16, 	2.193445, 	24.189999
17, 	2.178051, 	24.349998
18, 	2.162035, 	24.629999
19, 	2.145868, 	24.900000
20, 	2.129941, 	25.160000
21, 	2.114548, 	25.410000
22, 	2.099766, 	25.789999
23, 	2.085510, 	26.139999
24, 	2.071880, 	26.439999
25, 	2.058823, 	26.859999
26, 	2.046220, 	27.269999
27, 	2.034153, 	27.480000
28, 	2.022561, 	27.980000
29, 	2.011574, 	28.349998
