1, 	2.256550, 	22.480000
2, 	2.177078, 	45.459999
3, 	1.995306, 	65.339996
4, 	1.544123, 	75.199997
5, 	0.958948, 	80.220001
6, 	0.665007, 	84.360001
7, 	0.531824, 	86.860001
8, 	0.459746, 	88.059998
9, 	0.414627, 	88.900002
10, 	0.384150, 	89.419998
11, 	0.361283, 	89.909996
12, 	0.342714, 	90.369995
13, 	0.327387, 	90.639999
14, 	0.314272, 	90.939995
15, 	0.303070, 	91.209999
16, 	0.292807, 	91.619995
17, 	0.283671, 	91.930000
18, 	0.275271, 	92.029999
19, 	0.267361, 	92.339996
20, 	0.260465, 	92.430000
21, 	0.253668, 	92.629997
22, 	0.247259, 	92.759995
23, 	0.241766, 	92.970001
24, 	0.235730, 	93.250000
25, 	0.230392, 	93.389999
26, 	0.225505, 	93.579994
27, 	0.220938, 	93.680000
28, 	0.216216, 	93.809998
29, 	0.211742, 	93.930000
30, 	0.207672, 	94.099998
31, 	0.203221, 	94.229996
32, 	0.199297, 	94.320000
33, 	0.195336, 	94.489998
34, 	0.191608, 	94.519997
35, 	0.188013, 	94.649994
36, 	0.184834, 	94.699997
37, 	0.181139, 	94.769997
38, 	0.177919, 	94.820000
39, 	0.174828, 	94.889999
40, 	0.171699, 	95.000000
41, 	0.168702, 	95.059998
42, 	0.166085, 	95.119995
43, 	0.163482, 	95.250000
44, 	0.160878, 	95.320000
45, 	0.158403, 	95.430000
46, 	0.155949, 	95.470001
47, 	0.153571, 	95.579994
48, 	0.151190, 	95.659996
49, 	0.149071, 	95.699997
50, 	0.146951, 	95.739998
