1, 	1.970354, 	52.099998
2, 	0.933941, 	65.709999
3, 	0.811619, 	69.959999
4, 	0.750830, 	72.959999
5, 	0.711759, 	73.970001
6, 	0.684923, 	75.589996
7, 	0.668876, 	76.009995
8, 	0.650880, 	76.639999
9, 	0.639061, 	76.970001
10, 	0.630646, 	77.299995
11, 	0.617911, 	77.650002
12, 	0.607502, 	77.839996
13, 	0.597560, 	78.369995
14, 	0.589095, 	78.239998
15, 	0.580914, 	78.849998
16, 	0.571157, 	79.079994
17, 	0.562619, 	79.339996
18, 	0.555408, 	79.629997
19, 	0.546428, 	79.989998
20, 	0.539966, 	80.139999
21, 	0.531295, 	80.459999
22, 	0.524170, 	80.930000
23, 	0.517572, 	81.049995
24, 	0.511279, 	81.379997
25, 	0.506404, 	81.680000
26, 	0.498668, 	81.989998
27, 	0.492959, 	82.239998
28, 	0.488032, 	82.290001
29, 	0.483137, 	82.680000
30, 	0.478524, 	82.759995
31, 	0.473859, 	82.900002
32, 	0.469537, 	83.119995
33, 	0.465450, 	83.239998
34, 	0.461996, 	83.479996
35, 	0.457968, 	83.570000
36, 	0.454513, 	83.790001
37, 	0.449971, 	84.049995
38, 	0.446544, 	84.139999
39, 	0.443487, 	84.379997
40, 	0.440211, 	84.409996
41, 	0.437276, 	84.489998
42, 	0.434690, 	84.610001
43, 	0.431270, 	84.579994
44, 	0.428806, 	84.680000
45, 	0.425902, 	84.769997
46, 	0.423911, 	84.849998
47, 	0.421453, 	84.889999
48, 	0.419333, 	85.079994
49, 	0.416921, 	85.150002
50, 	0.414587, 	85.110001
