0, 	1.003347, 	73.950005
1, 	0.547406, 	85.000008
2, 	0.451106, 	88.050003
3, 	0.400414, 	89.750008
4, 	0.393296, 	91.050003
5, 	0.408188, 	90.900002
6, 	0.402004, 	91.200005
7, 	0.390204, 	91.450005
8, 	0.384491, 	91.200005
9, 	0.382593, 	91.200005
10, 	0.379789, 	91.200005
11, 	0.375887, 	91.250008
12, 	0.372998, 	91.400002
13, 	0.370218, 	91.200005
14, 	0.364964, 	91.100006
15, 	0.358403, 	91.300003
16, 	0.354529, 	91.350006
17, 	0.352097, 	91.350006
18, 	0.338022, 	91.300003
19, 	0.335024, 	91.350006
20, 	0.332045, 	91.500008
21, 	0.329450, 	91.550003
22, 	0.328065, 	91.700005
23, 	0.323374, 	91.700005
24, 	0.320122, 	91.800003
25, 	0.315113, 	91.900002
26, 	0.313125, 	91.900002
27, 	0.309664, 	92.000008
28, 	0.307400, 	92.300003
29, 	0.303698, 	92.400002
