1, 	1.493089, 	61.750000
2, 	0.872444, 	69.629997
3, 	0.761228, 	73.570000
4, 	0.710797, 	74.290001
5, 	0.682400, 	75.299995
6, 	0.664199, 	76.159996
7, 	0.645717, 	76.830002
8, 	0.632914, 	77.059998
9, 	0.620568, 	77.479996
10, 	0.610660, 	77.900002
11, 	0.599845, 	78.129997
12, 	0.589931, 	78.449997
13, 	0.581028, 	78.769997
14, 	0.573084, 	78.869995
15, 	0.562621, 	79.269997
16, 	0.554499, 	79.509995
17, 	0.547676, 	79.979996
18, 	0.538766, 	80.379997
19, 	0.530691, 	80.619995
20, 	0.522878, 	81.040001
21, 	0.516064, 	81.339996
22, 	0.509799, 	81.489998
23, 	0.503391, 	81.860001
24, 	0.497224, 	82.070000
25, 	0.491361, 	82.229996
26, 	0.485858, 	82.559998
27, 	0.481488, 	82.739998
28, 	0.475964, 	82.939995
29, 	0.470908, 	83.169998
30, 	0.466590, 	83.439995
31, 	0.461829, 	83.559998
32, 	0.457954, 	83.809998
33, 	0.453670, 	84.029999
34, 	0.450706, 	84.040001
35, 	0.446265, 	84.320000
36, 	0.442933, 	84.349998
37, 	0.440243, 	84.579994
38, 	0.437783, 	84.509995
39, 	0.434116, 	84.549995
40, 	0.431159, 	84.750000
41, 	0.429134, 	84.839996
42, 	0.425680, 	84.979996
43, 	0.423309, 	85.040001
44, 	0.421029, 	85.259995
45, 	0.419626, 	85.180000
46, 	0.416821, 	85.239998
47, 	0.415071, 	85.239998
48, 	0.412821, 	85.360001
49, 	0.411444, 	85.400002
50, 	0.409532, 	85.459999
