1, 	2.298232, 	10.000000
2, 	2.290094, 	10.000000
3, 	2.278675, 	10.000000
4, 	2.261047, 	18.920000
5, 	2.228910, 	26.209999
6, 	2.159815, 	28.429998
7, 	1.995285, 	35.619999
8, 	1.660516, 	59.139999
9, 	1.307598, 	61.559998
10, 	1.096179, 	62.649998
11, 	0.985800, 	64.549995
12, 	0.924716, 	65.419998
13, 	0.886921, 	66.589996
14, 	0.860670, 	67.739998
15, 	0.841082, 	68.559998
16, 	0.824442, 	69.430000
17, 	0.810313, 	69.830002
18, 	0.798188, 	70.400002
19, 	0.785804, 	71.059998
20, 	0.776318, 	71.070000
21, 	0.765429, 	71.889999
22, 	0.755720, 	72.559998
23, 	0.746840, 	72.820000
24, 	0.738067, 	73.150002
25, 	0.730370, 	73.320000
26, 	0.722476, 	73.869995
27, 	0.715629, 	74.099998
28, 	0.710340, 	74.309998
29, 	0.704764, 	74.570000
30, 	0.700151, 	74.610001
31, 	0.695675, 	74.820000
32, 	0.691416, 	74.830002
33, 	0.687460, 	74.979996
34, 	0.684186, 	75.070000
35, 	0.680741, 	75.250000
36, 	0.677991, 	75.239998
37, 	0.675299, 	75.269997
38, 	0.672389, 	75.479996
39, 	0.669578, 	75.509995
40, 	0.666592, 	75.750000
41, 	0.663897, 	75.669998
42, 	0.661944, 	75.809998
43, 	0.659586, 	76.029999
44, 	0.657056, 	76.089996
45, 	0.654848, 	76.180000
46, 	0.653089, 	76.259995
47, 	0.650618, 	76.290001
48, 	0.648258, 	76.409996
49, 	0.646832, 	76.279999
50, 	0.644351, 	76.470001
