0, 	1.718768, 	64.650002
1, 	0.760326, 	82.300003
2, 	0.560214, 	86.350006
3, 	0.486456, 	88.000008
4, 	0.443955, 	89.050003
5, 	0.418402, 	89.650002
6, 	0.393896, 	90.250008
7, 	0.372547, 	90.750008
8, 	0.357179, 	91.100006
9, 	0.343064, 	91.250008
10, 	0.334580, 	91.700005
11, 	0.327636, 	92.150002
12, 	0.321202, 	92.100006
13, 	0.314153, 	92.200005
14, 	0.310352, 	92.350006
15, 	0.307361, 	92.400002
16, 	0.303594, 	92.450005
17, 	0.302912, 	92.500008
18, 	0.299960, 	92.650002
19, 	0.299826, 	92.650002
20, 	0.298442, 	92.650002
21, 	0.296577, 	92.450005
22, 	0.294427, 	92.600006
23, 	0.293938, 	92.700005
24, 	0.291354, 	92.800003
25, 	0.290583, 	92.650002
26, 	0.290786, 	92.650002
27, 	0.290106, 	92.550003
28, 	0.290808, 	92.800003
29, 	0.290802, 	92.900002
