1, 	1.941627, 	51.969997
2, 	0.928947, 	65.799995
3, 	0.804771, 	70.199997
4, 	0.754857, 	71.720001
5, 	0.717516, 	73.739998
6, 	0.686886, 	74.519997
7, 	0.665629, 	75.930000
8, 	0.641104, 	77.309998
9, 	0.625708, 	77.589996
10, 	0.613314, 	77.979996
11, 	0.601925, 	78.309998
12, 	0.592055, 	78.439995
13, 	0.578937, 	78.860001
14, 	0.570674, 	79.229996
15, 	0.561166, 	79.529999
16, 	0.549877, 	80.129997
17, 	0.540633, 	80.290001
18, 	0.531535, 	80.639999
19, 	0.522632, 	80.930000
20, 	0.515418, 	81.269997
21, 	0.507704, 	81.650002
22, 	0.500587, 	81.900002
23, 	0.494259, 	82.259995
24, 	0.489068, 	82.419998
25, 	0.483226, 	82.909996
26, 	0.477244, 	82.970001
27, 	0.473498, 	83.189995
28, 	0.468065, 	83.430000
29, 	0.463556, 	83.619995
30, 	0.458773, 	83.839996
31, 	0.454219, 	84.089996
32, 	0.449676, 	84.180000
33, 	0.446383, 	84.349998
34, 	0.443823, 	84.320000
35, 	0.440501, 	84.529999
36, 	0.438405, 	84.729996
37, 	0.433856, 	84.900002
38, 	0.430691, 	84.919998
39, 	0.428602, 	84.919998
40, 	0.425122, 	85.150002
41, 	0.422856, 	85.119995
42, 	0.420438, 	85.229996
43, 	0.417725, 	85.290001
44, 	0.416019, 	85.419998
45, 	0.413360, 	85.489998
46, 	0.411341, 	85.680000
47, 	0.409917, 	85.699997
48, 	0.407454, 	85.699997
49, 	0.405184, 	85.779999
50, 	0.404164, 	85.839996
