1, 	2.307148, 	8.020000
2, 	2.307148, 	8.020000
3, 	2.307148, 	8.020000
4, 	2.307148, 	8.020000
5, 	2.307148, 	8.020000
6, 	2.307148, 	8.020000
7, 	2.307148, 	8.020000
8, 	2.307148, 	8.020000
9, 	2.307148, 	8.020000
10, 	2.307148, 	8.020000
11, 	2.307148, 	8.020000
12, 	2.307148, 	8.020000
13, 	2.307148, 	8.020000
14, 	2.307148, 	8.020000
15, 	2.307148, 	8.020000
16, 	2.307148, 	8.020000
17, 	2.307148, 	8.020000
18, 	2.307148, 	8.020000
19, 	2.307148, 	8.020000
20, 	2.307148, 	8.020000
21, 	2.307148, 	8.020000
22, 	2.307148, 	8.020000
23, 	2.307148, 	8.020000
24, 	2.307148, 	8.020000
25, 	2.307148, 	8.020000
26, 	2.307148, 	8.020000
27, 	2.307148, 	8.020000
28, 	2.307148, 	8.020000
29, 	2.307148, 	8.020000
30, 	2.307148, 	8.020000
31, 	2.307148, 	8.020000
32, 	2.307148, 	8.020000
33, 	2.307148, 	8.020000
34, 	2.307148, 	8.020000
35, 	2.307148, 	8.020000
36, 	2.307148, 	8.020000
37, 	2.307148, 	8.020000
38, 	2.307148, 	8.020000
39, 	2.307148, 	8.020000
40, 	2.307148, 	8.020000
41, 	2.307148, 	8.020000
42, 	2.307148, 	8.020000
43, 	2.307148, 	8.020000
44, 	2.307148, 	8.020000
45, 	2.307148, 	8.020000
46, 	2.307148, 	8.020000
47, 	2.307148, 	8.020000
48, 	2.307148, 	8.020000
49, 	2.307148, 	8.020000
50, 	2.307148, 	8.020000
