1, 	0.824613, 	85.519997
2, 	0.347522, 	91.189995
3, 	0.259055, 	92.790001
4, 	0.215770, 	93.739998
5, 	0.186905, 	94.540001
6, 	0.165748, 	95.129997
7, 	0.149168, 	95.549995
8, 	0.135353, 	95.959999
9, 	0.124127, 	96.229996
10, 	0.115238, 	96.519997
11, 	0.107748, 	96.729996
12, 	0.101296, 	97.019997
13, 	0.096335, 	97.110001
14, 	0.091901, 	97.269997
15, 	0.086935, 	97.399994
16, 	0.083114, 	97.489998
17, 	0.079608, 	97.579994
18, 	0.076819, 	97.659996
19, 	0.074070, 	97.720001
20, 	0.071952, 	97.779999
21, 	0.069956, 	97.820000
22, 	0.068316, 	97.879997
23, 	0.066566, 	97.970001
24, 	0.065237, 	97.959999
25, 	0.063817, 	98.019997
26, 	0.062734, 	98.089996
27, 	0.061377, 	98.099998
28, 	0.060106, 	98.079994
29, 	0.059243, 	98.089996
30, 	0.058281, 	98.119995
31, 	0.057277, 	98.129997
32, 	0.056546, 	98.129997
33, 	0.055940, 	98.149994
34, 	0.055167, 	98.169998
35, 	0.054212, 	98.189995
36, 	0.053594, 	98.189995
37, 	0.053129, 	98.169998
38, 	0.052523, 	98.189995
39, 	0.051870, 	98.209999
40, 	0.051253, 	98.209999
41, 	0.050862, 	98.229996
42, 	0.050393, 	98.239998
43, 	0.049898, 	98.259995
44, 	0.049487, 	98.259995
45, 	0.049166, 	98.259995
46, 	0.048856, 	98.279999
47, 	0.048360, 	98.279999
48, 	0.047979, 	98.299995
49, 	0.047680, 	98.320000
50, 	0.047373, 	98.349998
