1, 	2.298845, 	10.000000
2, 	2.291579, 	10.000000
3, 	2.281629, 	10.000000
4, 	2.266903, 	16.529999
5, 	2.242333, 	25.090000
6, 	2.196669, 	26.900000
7, 	2.104676, 	28.719999
8, 	1.915493, 	48.239998
9, 	1.615708, 	59.980000
10, 	1.331073, 	61.579998
11, 	1.139774, 	62.619999
12, 	1.025116, 	63.549999
13, 	0.955765, 	64.869995
14, 	0.911344, 	66.199997
15, 	0.880814, 	66.790001
16, 	0.857045, 	67.809998
17, 	0.837613, 	68.769997
18, 	0.822125, 	69.159996
19, 	0.807885, 	70.139999
20, 	0.797231, 	70.199997
21, 	0.785128, 	71.019997
22, 	0.774545, 	71.559998
23, 	0.764381, 	72.209999
24, 	0.754756, 	72.349998
25, 	0.745175, 	72.680000
26, 	0.735650, 	73.430000
27, 	0.726969, 	73.830002
28, 	0.719284, 	73.939995
29, 	0.711012, 	74.339996
30, 	0.706016, 	74.400002
31, 	0.701588, 	74.659996
32, 	0.696972, 	74.799995
33, 	0.692872, 	74.759995
34, 	0.689390, 	74.879997
35, 	0.685909, 	75.029999
36, 	0.682774, 	75.089996
37, 	0.679532, 	75.119995
38, 	0.677069, 	75.519997
39, 	0.674125, 	75.500000
40, 	0.671843, 	75.470001
41, 	0.668782, 	75.529999
42, 	0.667079, 	75.629997
43, 	0.664467, 	75.820000
44, 	0.662327, 	75.939995
45, 	0.660137, 	75.970001
46, 	0.657662, 	75.989998
47, 	0.655498, 	76.080002
48, 	0.653232, 	76.199997
49, 	0.651438, 	76.220001
50, 	0.649206, 	76.349998
