1, 	0.691128, 	85.509995
2, 	0.343621, 	90.669998
3, 	0.266034, 	92.180000
4, 	0.224078, 	93.369995
5, 	0.192523, 	94.399994
6, 	0.169007, 	95.049995
7, 	0.150521, 	95.629997
8, 	0.134806, 	96.059998
9, 	0.123118, 	96.339996
10, 	0.112431, 	96.610001
11, 	0.104289, 	96.809998
12, 	0.097453, 	96.979996
13, 	0.092055, 	97.180000
14, 	0.086860, 	97.329994
15, 	0.082735, 	97.489998
16, 	0.079134, 	97.509995
17, 	0.075741, 	97.619995
18, 	0.073570, 	97.759995
19, 	0.070980, 	97.699997
20, 	0.068975, 	97.809998
21, 	0.066849, 	97.860001
22, 	0.065208, 	97.879997
23, 	0.063686, 	97.909996
24, 	0.062164, 	97.919998
25, 	0.060659, 	98.009995
26, 	0.059476, 	98.059998
27, 	0.058288, 	98.079994
28, 	0.057123, 	98.159996
29, 	0.056322, 	98.149994
30, 	0.055404, 	98.180000
31, 	0.054304, 	98.199997
32, 	0.053532, 	98.220001
33, 	0.052750, 	98.209999
34, 	0.051928, 	98.199997
35, 	0.050992, 	98.220001
36, 	0.050684, 	98.259995
37, 	0.050165, 	98.239998
38, 	0.049453, 	98.279999
39, 	0.048773, 	98.299995
40, 	0.048380, 	98.329994
41, 	0.047725, 	98.339996
42, 	0.047303, 	98.360001
43, 	0.046654, 	98.320000
44, 	0.046139, 	98.399994
45, 	0.045736, 	98.439995
46, 	0.045325, 	98.430000
47, 	0.044969, 	98.449997
48, 	0.044455, 	98.459999
49, 	0.044132, 	98.459999
50, 	0.043878, 	98.459999
