1, 	2.307812, 	9.520000
2, 	2.284793, 	15.330000
3, 	2.284793, 	15.330000
4, 	2.251856, 	24.109999
5, 	2.208598, 	32.540001
6, 	2.155690, 	40.180000
7, 	2.093586, 	48.699997
8, 	2.022212, 	58.539997
9, 	1.943644, 	66.419998
10, 	1.860150, 	72.750000
11, 	1.773331, 	77.500000
12, 	1.682936, 	81.389999
13, 	1.591567, 	83.820000
14, 	1.501772, 	85.689995
15, 	1.501772, 	85.689995
16, 	1.411801, 	86.709999
17, 	1.326802, 	87.369995
18, 	1.242034, 	87.970001
19, 	1.163485, 	88.709999
20, 	1.163485, 	88.709999
21, 	1.163485, 	88.709999
22, 	1.089647, 	89.169998
23, 	1.020562, 	89.470001
24, 	0.953192, 	89.889999
25, 	0.889969, 	90.199997
26, 	0.830439, 	90.470001
27, 	0.778559, 	90.720001
28, 	0.729750, 	90.860001
29, 	0.685449, 	91.000000
30, 	0.644234, 	91.209999
31, 	0.608259, 	91.389999
32, 	0.576231, 	91.529999
33, 	0.576232, 	91.529999
34, 	0.546043, 	91.680000
35, 	0.519845, 	91.739998
36, 	0.519845, 	91.739998
37, 	0.494006, 	91.919998
38, 	0.470741, 	92.070000
39, 	0.470741, 	92.070000
40, 	0.450992, 	92.180000
41, 	0.431626, 	92.259995
42, 	0.413813, 	92.299995
43, 	0.397463, 	92.430000
44, 	0.382334, 	92.589996
45, 	0.368261, 	92.779999
46, 	0.368261, 	92.779999
47, 	0.355923, 	92.930000
48, 	0.344464, 	93.040001
49, 	0.344464, 	93.040001
50, 	0.334462, 	93.059998
