0, 	1.523342, 	64.500000
1, 	0.894936, 	78.100006
2, 	0.728559, 	82.400002
3, 	0.664459, 	84.000008
4, 	0.626814, 	84.400002
5, 	0.608993, 	85.000008
6, 	0.595456, 	86.150002
7, 	0.605169, 	86.050003
8, 	0.609980, 	85.950005
9, 	0.600826, 	86.500008
10, 	0.591223, 	86.950005
11, 	0.590451, 	86.850006
12, 	0.600682, 	87.150002
13, 	0.606830, 	87.400002
14, 	0.613047, 	87.650002
15, 	0.609896, 	87.350006
16, 	0.606667, 	87.550003
17, 	0.613159, 	87.800003
18, 	0.614933, 	87.550003
19, 	0.622224, 	87.400002
20, 	0.628989, 	87.400002
21, 	0.635060, 	87.650002
22, 	0.631317, 	87.800003
23, 	0.625013, 	88.050003
24, 	0.646337, 	87.550003
25, 	0.662440, 	87.450005
26, 	0.683665, 	87.200005
27, 	0.676279, 	87.500008
28, 	0.697592, 	87.450005
29, 	0.717088, 	87.000008
