0, 	31.859449, 	6.500000
1, 	39.875632, 	5.150000
2, 	11.526857, 	11.100000
3, 	16.511311, 	6.550000
4, 	22.998106, 	3.550000
5, 	24.453142, 	3.250000
6, 	24.742305, 	2.700000
7, 	24.494882, 	2.250000
8, 	5.792132, 	19.200001
9, 	6.809146, 	15.500001
10, 	7.342150, 	13.350000
11, 	7.499883, 	13.000001
12, 	7.785561, 	12.850000
13, 	8.080868, 	12.750001
14, 	7.843608, 	14.300001
15, 	7.779817, 	14.900001
16, 	3.046516, 	41.200001
17, 	3.228612, 	40.300003
18, 	3.246366, 	40.850002
19, 	3.402843, 	39.750000
20, 	3.567219, 	38.800003
21, 	3.657353, 	38.700001
22, 	3.742860, 	38.750000
23, 	3.791361, 	39.300003
24, 	3.799141, 	39.850002
25, 	4.147777, 	36.800003
26, 	2.358359, 	54.100002
27, 	2.430883, 	53.750004
28, 	2.519653, 	52.600002
29, 	2.676043, 	51.800003
