0, 	2.295029, 	11.480000
1, 	2.288653, 	14.870000
2, 	2.281522, 	17.250000
3, 	2.273106, 	19.160000
4, 	2.262410, 	21.879999
5, 	2.248766, 	24.990000
6, 	2.231035, 	31.539999
7, 	2.207438, 	30.879999
8, 	2.175112, 	28.459999
9, 	2.130047, 	28.429998
10, 	2.066893, 	36.790001
11, 	1.979055, 	46.930000
12, 	1.861495, 	55.149998
13, 	1.718961, 	59.379997
14, 	1.568650, 	60.840000
15, 	1.429312, 	61.349998
16, 	1.311419, 	61.459999
17, 	1.216459, 	62.239998
18, 	1.141848, 	62.459999
19, 	1.083590, 	63.369999
20, 	1.038315, 	63.820000
21, 	1.002042, 	64.500000
22, 	0.973242, 	65.150002
23, 	0.949619, 	65.729996
24, 	0.929934, 	66.400002
25, 	0.913133, 	66.659996
26, 	0.898712, 	67.150002
27, 	0.886142, 	67.689995
28, 	0.874359, 	68.159996
29, 	0.863993, 	68.430000
