1, 	0.664371, 	85.459999
2, 	0.344106, 	90.699997
3, 	0.266239, 	92.540001
4, 	0.224218, 	93.479996
5, 	0.194100, 	94.239998
6, 	0.170982, 	94.869995
7, 	0.152159, 	95.360001
8, 	0.136715, 	95.790001
9, 	0.124480, 	96.099998
10, 	0.115115, 	96.379997
11, 	0.107587, 	96.809998
12, 	0.100005, 	97.009995
13, 	0.094676, 	97.129997
14, 	0.089767, 	97.339996
15, 	0.085344, 	97.360001
16, 	0.081783, 	97.459999
17, 	0.079069, 	97.529999
18, 	0.075545, 	97.619995
19, 	0.072948, 	97.659996
20, 	0.070681, 	97.750000
21, 	0.068866, 	97.820000
22, 	0.066795, 	97.889999
23, 	0.065123, 	97.930000
24, 	0.063595, 	97.970001
25, 	0.061951, 	97.949997
26, 	0.061269, 	97.979996
27, 	0.059483, 	98.009995
28, 	0.058104, 	98.099998
29, 	0.056936, 	98.059998
30, 	0.056250, 	98.110001
31, 	0.055042, 	98.129997
32, 	0.054077, 	98.169998
33, 	0.053379, 	98.199997
34, 	0.052484, 	98.220001
35, 	0.051548, 	98.209999
36, 	0.050998, 	98.269997
37, 	0.050045, 	98.299995
38, 	0.049470, 	98.339996
39, 	0.048970, 	98.349998
40, 	0.048713, 	98.360001
41, 	0.048104, 	98.360001
42, 	0.047310, 	98.369995
43, 	0.046866, 	98.379997
44, 	0.046347, 	98.409996
45, 	0.045578, 	98.430000
46, 	0.045290, 	98.439995
47, 	0.044860, 	98.470001
48, 	0.044637, 	98.489998
49, 	0.044239, 	98.500000
50, 	0.043761, 	98.479996
