1, 	2.255349, 	27.129999
2, 	1.243082, 	61.539997
3, 	0.859029, 	67.949997
4, 	0.783884, 	70.889999
5, 	0.741139, 	72.959999
6, 	0.706022, 	74.900002
7, 	0.680000, 	75.570000
8, 	0.656443, 	76.919998
9, 	0.638496, 	77.479996
10, 	0.623275, 	77.849998
11, 	0.611045, 	78.110001
12, 	0.598882, 	78.619995
13, 	0.587763, 	78.909996
14, 	0.578115, 	79.279999
15, 	0.568419, 	79.549995
16, 	0.558758, 	79.820000
17, 	0.550145, 	80.209999
18, 	0.541942, 	80.419998
19, 	0.534965, 	80.709999
20, 	0.525744, 	81.059998
21, 	0.517631, 	81.470001
22, 	0.510781, 	81.659996
23, 	0.503689, 	82.029999
24, 	0.497877, 	82.279999
25, 	0.493565, 	82.369995
26, 	0.485742, 	82.659996
27, 	0.479124, 	82.759995
28, 	0.473657, 	83.089996
29, 	0.469508, 	83.409996
30, 	0.465195, 	83.529999
31, 	0.460295, 	83.669998
32, 	0.456263, 	84.000000
33, 	0.453690, 	83.909996
34, 	0.449128, 	84.029999
35, 	0.445505, 	84.150002
36, 	0.441818, 	84.299995
37, 	0.439667, 	84.360001
38, 	0.436137, 	84.559998
39, 	0.433468, 	84.629997
40, 	0.430440, 	84.790001
41, 	0.427223, 	84.879997
42, 	0.425462, 	84.820000
43, 	0.422659, 	84.949997
44, 	0.420954, 	85.059998
45, 	0.418126, 	85.089996
46, 	0.416602, 	85.099998
47, 	0.414052, 	85.229996
48, 	0.411881, 	85.409996
49, 	0.409506, 	85.500000
50, 	0.407449, 	85.459999
