1, 	2.299963, 	10.059999
2, 	2.299963, 	10.059999
3, 	2.299963, 	10.059999
4, 	2.299963, 	10.059999
5, 	2.299963, 	10.059999
6, 	2.299963, 	10.059999
7, 	2.299963, 	10.059999
8, 	2.299963, 	10.059999
9, 	2.299963, 	10.059999
10, 	2.299963, 	10.059999
11, 	2.299963, 	10.059999
12, 	2.299963, 	10.059999
13, 	2.299963, 	10.059999
14, 	2.299963, 	10.059999
15, 	2.299963, 	10.059999
16, 	2.299963, 	10.059999
17, 	2.299963, 	10.059999
18, 	2.299963, 	10.059999
19, 	2.299963, 	10.059999
20, 	2.299963, 	10.059999
21, 	2.299963, 	10.059999
22, 	2.299963, 	10.059999
23, 	2.299963, 	10.059999
24, 	2.299963, 	10.059999
25, 	2.299963, 	10.059999
26, 	2.299963, 	10.059999
27, 	2.299963, 	10.059999
28, 	2.299963, 	10.059999
29, 	2.299963, 	10.059999
30, 	2.299963, 	10.059999
31, 	2.299963, 	10.059999
32, 	2.299963, 	10.059999
33, 	2.299963, 	10.059999
34, 	2.299963, 	10.059999
35, 	2.299963, 	10.059999
36, 	2.299963, 	10.059999
37, 	2.299963, 	10.059999
38, 	2.299963, 	10.059999
39, 	2.299963, 	10.059999
40, 	2.299963, 	10.059999
41, 	2.299963, 	10.059999
42, 	2.299963, 	10.059999
43, 	2.299963, 	10.059999
44, 	2.299963, 	10.059999
45, 	2.299963, 	10.059999
46, 	2.299963, 	10.059999
47, 	2.299963, 	10.059999
48, 	2.299963, 	10.059999
49, 	2.299963, 	10.059999
50, 	2.299963, 	10.059999
