0, 	2.302564, 	11.070000
1, 	2.300795, 	11.480000
2, 	2.299000, 	11.820000
3, 	2.297144, 	12.299999
4, 	2.295188, 	13.889999
5, 	2.293092, 	15.610000
6, 	2.290827, 	17.119999
7, 	2.288360, 	18.359999
8, 	2.285651, 	19.309999
9, 	2.282662, 	20.289999
10, 	2.279351, 	20.799999
11, 	2.275669, 	21.029999
12, 	2.271564, 	21.209999
13, 	2.266985, 	21.430000
14, 	2.261874, 	21.799999
15, 	2.256176, 	22.100000
16, 	2.249852, 	22.260000
17, 	2.242867, 	22.500000
18, 	2.235208, 	22.719999
19, 	2.226880, 	22.849998
20, 	2.217914, 	23.109999
21, 	2.208366, 	23.320000
22, 	2.198305, 	23.689999
23, 	2.187819, 	23.840000
24, 	2.177020, 	24.109999
25, 	2.166039, 	24.389999
26, 	2.155008, 	24.750000
27, 	2.144068, 	24.689999
28, 	2.133342, 	24.959999
29, 	2.122908, 	25.180000
0, 	2.271365, 	22.760000
