0, 	2.295908, 	10.059999
1, 	2.288695, 	10.360000
2, 	2.280758, 	13.360000
3, 	2.271406, 	19.350000
4, 	2.259511, 	29.139999
5, 	2.243110, 	34.070000
6, 	2.219726, 	36.419998
7, 	2.184917, 	37.649998
8, 	2.132522, 	41.789997
9, 	2.050661, 	47.199997
10, 	1.920599, 	51.930000
11, 	1.730057, 	54.699997
12, 	1.507966, 	58.090000
13, 	1.316961, 	60.279999
14, 	1.180033, 	61.660000
15, 	1.086112, 	62.779999
16, 	1.023189, 	63.599998
17, 	0.978802, 	64.269997
18, 	0.945517, 	65.080002
19, 	0.919537, 	65.839996
20, 	0.898629, 	66.389999
21, 	0.881025, 	67.089996
22, 	0.866499, 	67.529999
23, 	0.852391, 	68.479996
24, 	0.840565, 	69.089996
25, 	0.829918, 	69.729996
26, 	0.820050, 	70.129997
27, 	0.810827, 	70.669998
28, 	0.802522, 	70.750000
29, 	0.794246, 	71.189995
