1, 	2.250750, 	24.469999
2, 	2.158364, 	47.480000
3, 	1.937599, 	68.059998
4, 	1.411592, 	76.409996
5, 	0.861894, 	81.320000
6, 	0.619344, 	85.129997
7, 	0.507898, 	87.159996
8, 	0.446339, 	88.269997
9, 	0.407234, 	88.909996
10, 	0.380306, 	89.379997
11, 	0.359856, 	89.849998
12, 	0.343291, 	90.320000
13, 	0.329963, 	90.639999
14, 	0.318503, 	90.839996
15, 	0.308449, 	91.089996
16, 	0.299436, 	91.329994
17, 	0.291665, 	91.509995
18, 	0.284467, 	91.790001
19, 	0.277730, 	92.019997
20, 	0.271929, 	92.129997
21, 	0.266230, 	92.320000
22, 	0.260943, 	92.449997
23, 	0.256215, 	92.599998
24, 	0.251214, 	92.720001
25, 	0.246793, 	92.909996
26, 	0.242680, 	93.000000
27, 	0.238937, 	93.119995
28, 	0.235207, 	93.229996
29, 	0.231556, 	93.329994
30, 	0.228186, 	93.399994
31, 	0.224771, 	93.579994
32, 	0.221468, 	93.639999
33, 	0.218364, 	93.720001
34, 	0.215521, 	93.809998
35, 	0.212753, 	93.909996
36, 	0.210249, 	93.979996
37, 	0.207612, 	94.029999
38, 	0.205117, 	94.099998
39, 	0.202635, 	94.159996
40, 	0.200175, 	94.220001
41, 	0.197700, 	94.279999
42, 	0.195682, 	94.309998
43, 	0.193330, 	94.439995
44, 	0.191170, 	94.419998
45, 	0.189255, 	94.470001
46, 	0.187296, 	94.500000
47, 	0.185082, 	94.589996
48, 	0.183183, 	94.639999
49, 	0.181519, 	94.689995
50, 	0.179790, 	94.709999
