1, 	2.254064, 	22.750000
2, 	2.169566, 	45.389999
3, 	1.972208, 	65.799995
4, 	1.492510, 	75.570000
5, 	0.922807, 	80.559998
6, 	0.653883, 	84.549995
7, 	0.532280, 	86.689995
8, 	0.464113, 	87.879997
9, 	0.419006, 	88.739998
10, 	0.390122, 	89.259995
11, 	0.367589, 	89.750000
12, 	0.348031, 	90.279999
13, 	0.331932, 	90.659996
14, 	0.316842, 	91.019997
15, 	0.303642, 	91.309998
16, 	0.291776, 	91.680000
17, 	0.281183, 	91.930000
18, 	0.271733, 	92.180000
19, 	0.262916, 	92.489998
20, 	0.255241, 	92.689995
21, 	0.247739, 	92.899994
22, 	0.240953, 	93.079994
23, 	0.234870, 	93.290001
24, 	0.228196, 	93.519997
25, 	0.222481, 	93.689995
26, 	0.217172, 	93.820000
27, 	0.212318, 	93.970001
28, 	0.207106, 	94.079994
29, 	0.201856, 	94.269997
30, 	0.197484, 	94.399994
31, 	0.192689, 	94.489998
32, 	0.188367, 	94.639999
33, 	0.184390, 	94.669998
34, 	0.180727, 	94.779999
35, 	0.177098, 	94.829994
36, 	0.173855, 	94.949997
37, 	0.170112, 	95.139999
38, 	0.166884, 	95.189995
39, 	0.163267, 	95.379997
40, 	0.160111, 	95.430000
41, 	0.157306, 	95.519997
42, 	0.154511, 	95.610001
43, 	0.151868, 	95.659996
44, 	0.148679, 	95.720001
45, 	0.145813, 	95.779999
46, 	0.143094, 	95.790001
47, 	0.140471, 	95.829994
48, 	0.137615, 	95.919998
49, 	0.135310, 	95.979996
50, 	0.132809, 	96.059998
