0, 	2.297811, 	17.600000
1, 	2.290771, 	25.820000
2, 	2.282244, 	32.779999
3, 	2.271341, 	32.939999
4, 	2.256553, 	32.869999
5, 	2.234917, 	32.500000
6, 	2.203661, 	32.459999
7, 	2.154929, 	33.270000
8, 	2.076132, 	36.700001
9, 	1.945779, 	45.149998
10, 	1.749528, 	53.869999
11, 	1.517427, 	58.500000
12, 	1.317779, 	60.269997
13, 	1.177151, 	61.419998
14, 	1.083736, 	62.379997
15, 	1.020139, 	63.309998
16, 	0.975124, 	63.879997
17, 	0.940971, 	65.099998
18, 	0.914843, 	66.360001
19, 	0.893936, 	66.759995
20, 	0.875848, 	67.650002
21, 	0.860686, 	68.239998
22, 	0.847438, 	68.830002
23, 	0.835647, 	69.220001
24, 	0.824991, 	69.709999
25, 	0.815111, 	70.119995
26, 	0.806232, 	70.409996
27, 	0.797869, 	71.029999
28, 	0.790332, 	71.259995
29, 	0.783374, 	71.589996
