1, 	-3.112643, 	40.000000
2, 	-15.963447, 	20.000000
3, 	-20.329210, 	20.000000
4, 	-26.818518, 	30.000000
5, 	-32.087467, 	30.000000
6, 	-33.591244, 	30.000000
7, 	-35.197571, 	40.000000
8, 	-37.350304, 	40.000000
9, 	-39.073738, 	40.000000
10, 	-39.927029, 	40.000000
11, 	-40.813488, 	40.000000
12, 	-42.792973, 	50.000000
13, 	-44.405746, 	50.000000
14, 	-45.266624, 	50.000000
15, 	-47.381489, 	50.000000
16, 	-48.282124, 	50.000000
17, 	-49.466042, 	50.000000
18, 	-50.975235, 	80.000000
19, 	-51.142063, 	100.000000
20, 	-51.373264, 	90.000000
21, 	-51.763195, 	100.000000
22, 	-54.347946, 	100.000000
23, 	-53.703373, 	100.000000
24, 	-54.485146, 	100.000000
25, 	-54.428215, 	90.000000
26, 	-55.028831, 	100.000000
27, 	-54.448540, 	100.000000
28, 	-55.916565, 	100.000000
29, 	-54.677650, 	90.000000
30, 	-54.178116, 	90.000000
31, 	-55.888260, 	90.000000
32, 	-54.622643, 	90.000000
33, 	-54.889050, 	90.000000
34, 	-56.001827, 	90.000000
35, 	-56.311321, 	90.000000
36, 	-56.716766, 	90.000000
37, 	-57.201252, 	90.000000
38, 	-57.510616, 	90.000000
39, 	-58.660492, 	90.000000
40, 	-59.967903, 	100.000000
41, 	-61.545574, 	90.000000
42, 	-62.827591, 	100.000000
43, 	-64.194153, 	100.000000
44, 	-63.180962, 	100.000000
45, 	-65.618599, 	100.000000
46, 	-66.161980, 	100.000000
47, 	-67.147690, 	100.000000
48, 	-67.412445, 	100.000000
49, 	-68.926857, 	100.000000
50, 	-70.066711, 	100.000000
