1, 	2.290449, 	17.080000, 	-0.045050, 	20.000000
2, 	2.269306, 	29.730000, 	-0.063295, 	10.000000
3, 	2.229934, 	30.389999, 	-0.094057, 	10.000000
4, 	2.138083, 	37.509998, 	-0.153423, 	0.000000
5, 	1.896612, 	48.039997, 	-0.286023, 	0.000000
6, 	1.480961, 	56.639999, 	-0.483238, 	0.000000
7, 	1.180209, 	58.199997, 	-0.719029, 	0.000000
8, 	1.034972, 	60.119999, 	-0.992736, 	0.000000
9, 	0.960333, 	62.209999, 	-1.217358, 	10.000000
10, 	0.918704, 	63.019997, 	-1.412048, 	10.000000
11, 	0.893367, 	64.080002, 	-1.579520, 	10.000000
12, 	0.859678, 	66.049995, 	-1.649170, 	10.000000
13, 	0.841998, 	66.900002, 	-1.751900, 	10.000000
14, 	0.822137, 	68.009995, 	-1.812530, 	10.000000
15, 	0.809553, 	68.720001, 	-1.914653, 	10.000000
16, 	0.789172, 	69.989998, 	-1.974439, 	10.000000
17, 	0.772382, 	70.750000, 	-2.039085, 	10.000000
18, 	0.768971, 	70.979996, 	-2.171201, 	10.000000
19, 	0.749998, 	71.900002, 	-2.226785, 	20.000000
20, 	0.737967, 	72.500000, 	-2.317785, 	20.000000
21, 	0.725653, 	72.879997, 	-2.395628, 	20.000000
22, 	0.715960, 	73.459999, 	-2.495576, 	20.000000
23, 	0.703063, 	74.029999, 	-2.559683, 	20.000000
24, 	0.693734, 	74.389999, 	-2.649246, 	20.000000
25, 	0.687416, 	74.629997, 	-2.727536, 	20.000000
26, 	0.680761, 	74.919998, 	-2.822660, 	20.000000
27, 	0.673128, 	75.369995, 	-2.878128, 	20.000000
28, 	0.663475, 	75.729996, 	-2.931796, 	20.000000
29, 	0.660816, 	75.729996, 	-3.025723, 	20.000000
30, 	0.654189, 	75.820000, 	-3.086710, 	20.000000
31, 	0.647533, 	76.369995, 	-3.151157, 	20.000000
32, 	0.646919, 	76.369995, 	-3.235116, 	20.000000
33, 	0.641410, 	76.279999, 	-3.269164, 	20.000000
34, 	0.639890, 	76.389999, 	-3.342274, 	20.000000
35, 	0.636395, 	76.639999, 	-3.391497, 	20.000000
36, 	0.628522, 	76.989998, 	-3.413580, 	20.000000
37, 	0.624997, 	77.019997, 	-3.471141, 	20.000000
38, 	0.622940, 	77.150002, 	-3.531323, 	20.000000
39, 	0.616747, 	77.180000, 	-3.553818, 	20.000000
40, 	0.615336, 	77.459999, 	-3.634470, 	20.000000
41, 	0.611622, 	77.500000, 	-3.690540, 	20.000000
42, 	0.604303, 	77.680000, 	-3.688330, 	20.000000
43, 	0.602365, 	77.659996, 	-3.725692, 	20.000000
44, 	0.598521, 	77.900002, 	-3.786999, 	20.000000
45, 	0.594370, 	78.059998, 	-3.821787, 	20.000000
46, 	0.591688, 	78.269997, 	-3.866817, 	20.000000
47, 	0.589963, 	78.250000, 	-3.911852, 	20.000000
48, 	0.585179, 	78.549995, 	-3.942841, 	20.000000
49, 	0.583626, 	78.579994, 	-3.982182, 	20.000000
50, 	0.578748, 	78.759995, 	-4.025931, 	20.000000
