1, 	-61.934399, 	70.000000
2, 	-81.635597, 	90.000000
3, 	-87.641205, 	100.000000
4, 	-91.113770, 	100.000000
5, 	-92.892937, 	100.000000
6, 	-94.673859, 	100.000000
7, 	-95.849495, 	100.000000
8, 	-96.940575, 	100.000000
9, 	-97.717545, 	100.000000
10, 	-99.841103, 	100.000000
11, 	-101.377846, 	100.000000
12, 	-101.249474, 	100.000000
13, 	-103.845543, 	100.000000
14, 	-105.268654, 	100.000000
15, 	-104.998291, 	100.000000
16, 	-108.047325, 	100.000000
17, 	-107.941818, 	100.000000
18, 	-109.311966, 	100.000000
19, 	-110.657394, 	100.000000
20, 	-111.231133, 	100.000000
21, 	-111.535973, 	100.000000
22, 	-113.551773, 	100.000000
23, 	-113.875992, 	100.000000
24, 	-115.941513, 	100.000000
25, 	-117.138023, 	100.000000
26, 	-117.620483, 	100.000000
27, 	-118.542557, 	100.000000
28, 	-120.513283, 	100.000000
29, 	-120.640144, 	100.000000
30, 	-122.972504, 	100.000000
31, 	-122.914536, 	100.000000
32, 	-123.494057, 	100.000000
33, 	-125.085243, 	100.000000
34, 	-125.801590, 	100.000000
35, 	-127.344101, 	100.000000
36, 	-127.984726, 	100.000000
37, 	-129.026169, 	100.000000
38, 	-129.888565, 	100.000000
39, 	-129.778061, 	100.000000
40, 	-130.607208, 	100.000000
41, 	-131.140839, 	100.000000
42, 	-134.023041, 	100.000000
43, 	-133.455994, 	100.000000
44, 	-134.067535, 	100.000000
45, 	-135.627563, 	100.000000
46, 	-134.633743, 	100.000000
47, 	-135.606766, 	100.000000
48, 	-137.342667, 	100.000000
49, 	-136.849274, 	100.000000
50, 	-138.391785, 	100.000000
