1, 	2.244479, 	25.730000, 	-0.036290, 	20.000000
2, 	2.132222, 	49.239998, 	-0.098523, 	20.000000
3, 	1.845500, 	70.809998, 	-0.282358, 	20.000000
4, 	1.221019, 	79.000000, 	-0.897490, 	30.000000
5, 	0.747475, 	83.610001, 	-1.801970, 	30.000000
6, 	0.556907, 	86.059998, 	-2.473662, 	30.000000
7, 	0.465309, 	87.639999, 	-2.920429, 	30.000000
8, 	0.412085, 	88.589996, 	-3.228766, 	40.000000
9, 	0.378341, 	89.400002, 	-3.444777, 	40.000000
10, 	0.352398, 	90.079994, 	-3.606497, 	40.000000
11, 	0.331369, 	90.570000, 	-3.724796, 	40.000000
12, 	0.315094, 	91.000000, 	-3.816024, 	40.000000
13, 	0.302492, 	91.209999, 	-3.886802, 	40.000000
14, 	0.290864, 	91.430000, 	-3.932236, 	40.000000
15, 	0.278735, 	91.769997, 	-3.959949, 	40.000000
16, 	0.268464, 	92.059998, 	-4.024339, 	40.000000
17, 	0.259856, 	92.189995, 	-4.079213, 	40.000000
18, 	0.250485, 	92.479996, 	-4.107307, 	40.000000
19, 	0.243686, 	92.639999, 	-4.124622, 	40.000000
20, 	0.236101, 	92.829994, 	-4.178309, 	40.000000
21, 	0.227555, 	93.220001, 	-4.193782, 	40.000000
22, 	0.221536, 	93.419998, 	-4.226703, 	40.000000
23, 	0.214872, 	93.579994, 	-4.284050, 	40.000000
24, 	0.209369, 	93.769997, 	-4.324098, 	40.000000
25, 	0.203877, 	93.930000, 	-4.339025, 	40.000000
26, 	0.199279, 	94.029999, 	-4.386035, 	40.000000
27, 	0.193145, 	94.259995, 	-4.421884, 	40.000000
28, 	0.188254, 	94.290001, 	-4.478235, 	40.000000
29, 	0.183472, 	94.509995, 	-4.499836, 	40.000000
30, 	0.178043, 	94.689995, 	-4.556135, 	40.000000
31, 	0.174790, 	94.720001, 	-4.559338, 	50.000000
32, 	0.171430, 	94.839996, 	-4.595591, 	60.000000
33, 	0.166963, 	94.919998, 	-4.624421, 	60.000000
34, 	0.162613, 	95.049995, 	-4.659806, 	60.000000
35, 	0.158365, 	95.250000, 	-4.692597, 	60.000000
36, 	0.155342, 	95.309998, 	-4.723834, 	70.000000
37, 	0.153799, 	95.220001, 	-4.763978, 	80.000000
38, 	0.148862, 	95.439995, 	-4.782561, 	80.000000
39, 	0.145340, 	95.509995, 	-4.830528, 	90.000000
40, 	0.143560, 	95.570000, 	-4.878880, 	90.000000
41, 	0.140498, 	95.680000, 	-4.917807, 	90.000000
42, 	0.138745, 	95.659996, 	-4.978593, 	100.000000
43, 	0.135570, 	95.729996, 	-4.997198, 	100.000000
44, 	0.132481, 	95.909996, 	-5.023611, 	100.000000
45, 	0.129957, 	95.899994, 	-5.068307, 	100.000000
46, 	0.126448, 	96.070000, 	-5.101004, 	100.000000
47, 	0.125832, 	96.089996, 	-5.184714, 	100.000000
48, 	0.123305, 	96.180000, 	-5.174142, 	100.000000
49, 	0.121058, 	96.250000, 	-5.235669, 	100.000000
50, 	0.119106, 	96.269997, 	-5.253915, 	100.000000
