1, 	2.269542, 	10.000000, 	-0.024750, 	10.000000
2, 	2.211049, 	10.040000, 	-0.065111, 	10.000000
3, 	2.071163, 	43.549999, 	-0.116579, 	10.000000
4, 	1.708940, 	57.599998, 	-0.152290, 	0.000000
5, 	1.276716, 	61.289997, 	-0.124561, 	0.000000
6, 	1.060264, 	62.759998, 	-0.129596, 	0.000000
7, 	0.958915, 	64.489998, 	-0.207529, 	0.000000
8, 	0.903207, 	66.139999, 	-0.290003, 	0.000000
9, 	0.868461, 	67.239998, 	-0.337458, 	0.000000
10, 	0.838990, 	68.820000, 	-0.361248, 	0.000000
11, 	0.817251, 	69.459999, 	-0.358944, 	10.000000
12, 	0.801889, 	70.159996, 	-0.408227, 	10.000000
13, 	0.786408, 	70.529999, 	-0.409592, 	10.000000
14, 	0.772120, 	71.239998, 	-0.447235, 	10.000000
15, 	0.757413, 	71.939995, 	-0.462037, 	10.000000
16, 	0.747156, 	72.330002, 	-0.506221, 	10.000000
17, 	0.737807, 	72.869995, 	-0.563508, 	10.000000
18, 	0.727951, 	73.570000, 	-0.629060, 	10.000000
19, 	0.717936, 	74.040001, 	-0.669778, 	10.000000
20, 	0.709594, 	74.320000, 	-0.726632, 	10.000000
21, 	0.701636, 	74.570000, 	-0.786358, 	10.000000
22, 	0.693334, 	74.989998, 	-0.835674, 	10.000000
23, 	0.686843, 	75.129997, 	-0.895171, 	10.000000
24, 	0.679976, 	75.500000, 	-0.944593, 	10.000000
25, 	0.673888, 	75.699997, 	-0.999383, 	20.000000
26, 	0.667876, 	75.939995, 	-1.048207, 	20.000000
27, 	0.663252, 	76.099998, 	-1.101048, 	20.000000
28, 	0.658287, 	76.369995, 	-1.160822, 	20.000000
29, 	0.654585, 	76.349998, 	-1.204264, 	20.000000
30, 	0.651076, 	76.209999, 	-1.249723, 	20.000000
31, 	0.644449, 	76.659996, 	-1.275295, 	20.000000
32, 	0.643365, 	76.529999, 	-1.354255, 	20.000000
33, 	0.637548, 	76.970001, 	-1.375754, 	20.000000
34, 	0.635357, 	76.930000, 	-1.427116, 	20.000000
35, 	0.631296, 	77.019997, 	-1.458464, 	20.000000
36, 	0.628431, 	77.259995, 	-1.489269, 	20.000000
37, 	0.626263, 	77.129997, 	-1.525425, 	20.000000
38, 	0.623294, 	77.360001, 	-1.563152, 	20.000000
39, 	0.619536, 	77.580002, 	-1.604248, 	20.000000
40, 	0.615536, 	77.629997, 	-1.605310, 	20.000000
41, 	0.614004, 	77.610001, 	-1.641747, 	20.000000
42, 	0.609306, 	77.889999, 	-1.644594, 	20.000000
43, 	0.606930, 	77.970001, 	-1.691298, 	20.000000
44, 	0.605042, 	78.080002, 	-1.727826, 	20.000000
45, 	0.602789, 	78.049995, 	-1.743938, 	20.000000
46, 	0.600169, 	78.250000, 	-1.777678, 	20.000000
47, 	0.596551, 	78.449997, 	-1.798172, 	20.000000
48, 	0.595123, 	78.309998, 	-1.839589, 	20.000000
49, 	0.593152, 	78.349998, 	-1.865900, 	20.000000
50, 	0.589205, 	78.619995, 	-1.877338, 	20.000000
