1, 	-0.133763, 	20.000000
2, 	-0.178107, 	20.000000
3, 	-0.229991, 	10.000000
4, 	-0.276563, 	10.000000
5, 	-2.884027, 	20.000000
6, 	-3.189355, 	20.000000
7, 	-6.744565, 	50.000000
8, 	-7.301343, 	60.000000
9, 	-7.822289, 	60.000000
10, 	-8.270241, 	60.000000
11, 	-8.747035, 	50.000000
12, 	-9.202412, 	50.000000
13, 	-9.516220, 	50.000000
14, 	-9.865626, 	40.000000
15, 	-10.128454, 	40.000000
16, 	-10.440530, 	40.000000
17, 	-10.752655, 	40.000000
18, 	-17.402157, 	80.000000
19, 	-24.012445, 	90.000000
20, 	-30.465387, 	90.000000
21, 	-30.635735, 	90.000000
22, 	-37.150291, 	90.000000
23, 	-37.304321, 	90.000000
24, 	-37.382618, 	90.000000
25, 	-37.429417, 	100.000000
26, 	-37.322971, 	100.000000
27, 	-37.261608, 	100.000000
28, 	-37.099636, 	100.000000
29, 	-37.020367, 	100.000000
30, 	-36.761444, 	90.000000
31, 	-36.388199, 	90.000000
32, 	-36.295307, 	90.000000
33, 	-35.963882, 	90.000000
34, 	-35.438492, 	90.000000
35, 	-43.643150, 	100.000000
36, 	-50.999638, 	100.000000
37, 	-50.310745, 	100.000000
38, 	-49.542336, 	100.000000
39, 	-48.776440, 	100.000000
40, 	-48.081322, 	100.000000
41, 	-47.561031, 	100.000000
42, 	-46.865410, 	90.000000
43, 	-54.950977, 	100.000000
44, 	-53.979626, 	100.000000
45, 	-53.359283, 	100.000000
46, 	-52.520969, 	100.000000
47, 	-51.830208, 	100.000000
48, 	-51.245560, 	90.000000
49, 	-50.291439, 	90.000000
50, 	-49.650349, 	90.000000
