1, 	-61.597496, 	40.000000
2, 	-104.857635, 	50.000000
3, 	-100.050964, 	60.000000
4, 	-96.431259, 	60.000000
5, 	-97.460808, 	70.000000
6, 	-96.400299, 	80.000000
7, 	-94.909622, 	90.000000
8, 	-94.365829, 	80.000000
9, 	-95.331848, 	80.000000
10, 	-95.985924, 	90.000000
11, 	-95.987946, 	100.000000
12, 	-97.591904, 	100.000000
13, 	-97.325653, 	100.000000
14, 	-98.942001, 	100.000000
15, 	-96.778839, 	100.000000
16, 	-102.013306, 	100.000000
17, 	-100.565285, 	100.000000
18, 	-102.807755, 	100.000000
19, 	-101.990646, 	100.000000
20, 	-100.501228, 	100.000000
21, 	-103.465019, 	100.000000
22, 	-104.035133, 	100.000000
23, 	-104.736687, 	100.000000
24, 	-103.646912, 	100.000000
25, 	-103.291176, 	100.000000
26, 	-106.192131, 	100.000000
27, 	-105.398651, 	100.000000
28, 	-103.874886, 	100.000000
29, 	-105.979233, 	100.000000
30, 	-104.398804, 	100.000000
31, 	-106.450478, 	100.000000
32, 	-104.488754, 	100.000000
33, 	-106.760742, 	100.000000
34, 	-107.239471, 	100.000000
35, 	-106.473877, 	100.000000
36, 	-105.313873, 	100.000000
37, 	-107.242630, 	100.000000
38, 	-109.322273, 	100.000000
39, 	-106.329926, 	100.000000
40, 	-108.823586, 	100.000000
41, 	-109.804314, 	100.000000
42, 	-107.708824, 	100.000000
43, 	-107.697548, 	100.000000
44, 	-107.092300, 	100.000000
45, 	-110.488823, 	100.000000
46, 	-109.135406, 	100.000000
47, 	-109.059921, 	100.000000
48, 	-108.446907, 	100.000000
49, 	-110.108086, 	100.000000
50, 	-109.657089, 	100.000000
