1, 	-15.385646, 	40.000000
2, 	-41.516911, 	70.000000
3, 	-50.677341, 	90.000000
4, 	-55.737839, 	90.000000
5, 	-60.847595, 	90.000000
6, 	-64.479416, 	100.000000
7, 	-69.224594, 	100.000000
8, 	-69.684761, 	100.000000
9, 	-75.421532, 	100.000000
10, 	-76.768768, 	100.000000
11, 	-79.049805, 	100.000000
12, 	-80.735489, 	100.000000
13, 	-83.963547, 	100.000000
14, 	-85.093208, 	100.000000
15, 	-86.138351, 	100.000000
16, 	-87.710175, 	100.000000
17, 	-89.806335, 	100.000000
18, 	-90.497177, 	100.000000
19, 	-92.126953, 	100.000000
20, 	-93.655396, 	100.000000
21, 	-94.052025, 	100.000000
22, 	-96.790039, 	100.000000
23, 	-97.080467, 	100.000000
24, 	-97.547997, 	100.000000
25, 	-99.539368, 	100.000000
26, 	-101.035950, 	100.000000
27, 	-101.598877, 	100.000000
28, 	-103.168198, 	100.000000
29, 	-104.923477, 	100.000000
30, 	-105.243164, 	100.000000
31, 	-107.047516, 	100.000000
32, 	-108.247337, 	100.000000
33, 	-108.649300, 	100.000000
34, 	-109.079208, 	100.000000
35, 	-109.635651, 	100.000000
36, 	-111.030602, 	100.000000
37, 	-111.467331, 	100.000000
38, 	-113.209702, 	100.000000
39, 	-113.739838, 	100.000000
40, 	-114.694008, 	100.000000
41, 	-115.943123, 	100.000000
42, 	-116.947212, 	100.000000
43, 	-116.916801, 	100.000000
44, 	-118.155663, 	100.000000
45, 	-118.956734, 	100.000000
46, 	-119.418945, 	100.000000
47, 	-119.977135, 	100.000000
48, 	-120.707184, 	100.000000
49, 	-122.250511, 	100.000000
50, 	-122.294098, 	100.000000
