1, 	-29.631227, 	40.000000
2, 	-56.439163, 	80.000000
3, 	-64.940353, 	90.000000
4, 	-72.057907, 	90.000000
5, 	-77.319321, 	100.000000
6, 	-80.927475, 	100.000000
7, 	-85.502731, 	100.000000
8, 	-87.799026, 	100.000000
9, 	-92.774002, 	100.000000
10, 	-95.024246, 	100.000000
11, 	-98.110825, 	100.000000
12, 	-99.799141, 	100.000000
13, 	-101.406502, 	100.000000
14, 	-103.742073, 	100.000000
15, 	-105.225708, 	100.000000
16, 	-106.189087, 	100.000000
17, 	-107.603973, 	100.000000
18, 	-110.148407, 	100.000000
19, 	-110.500549, 	100.000000
20, 	-112.406654, 	100.000000
21, 	-114.103554, 	100.000000
22, 	-116.174377, 	100.000000
23, 	-116.003357, 	100.000000
24, 	-116.236465, 	100.000000
25, 	-118.141579, 	100.000000
26, 	-119.547279, 	100.000000
27, 	-120.680260, 	100.000000
28, 	-121.397339, 	100.000000
29, 	-123.795990, 	100.000000
30, 	-123.541367, 	100.000000
31, 	-124.684219, 	100.000000
32, 	-124.844917, 	100.000000
33, 	-126.089531, 	100.000000
34, 	-127.683426, 	100.000000
35, 	-127.670898, 	100.000000
36, 	-128.641663, 	100.000000
37, 	-131.083939, 	100.000000
38, 	-130.782333, 	100.000000
39, 	-131.703003, 	100.000000
40, 	-132.576248, 	100.000000
41, 	-132.534149, 	100.000000
42, 	-132.969086, 	100.000000
43, 	-134.442963, 	100.000000
44, 	-135.665604, 	100.000000
45, 	-136.461304, 	100.000000
46, 	-136.981491, 	100.000000
47, 	-137.085037, 	100.000000
48, 	-138.700241, 	100.000000
49, 	-138.974396, 	100.000000
50, 	-139.500015, 	100.000000
