1, 	-18.447290, 	30.000000
2, 	-36.761486, 	40.000000
3, 	-37.494942, 	50.000000
4, 	-40.177143, 	50.000000
5, 	-43.755272, 	70.000000
6, 	-47.579960, 	70.000000
7, 	-50.749691, 	70.000000
8, 	-52.532726, 	100.000000
9, 	-54.913994, 	100.000000
10, 	-56.957386, 	100.000000
11, 	-58.678555, 	100.000000
12, 	-61.474667, 	100.000000
13, 	-63.470371, 	100.000000
14, 	-63.931259, 	100.000000
15, 	-66.286301, 	100.000000
16, 	-66.600540, 	100.000000
17, 	-68.275246, 	100.000000
18, 	-69.322388, 	100.000000
19, 	-69.674301, 	100.000000
20, 	-72.701836, 	100.000000
21, 	-72.015625, 	100.000000
22, 	-71.828415, 	100.000000
23, 	-73.577118, 	100.000000
24, 	-74.553589, 	100.000000
25, 	-75.615982, 	100.000000
26, 	-76.098549, 	100.000000
27, 	-75.194450, 	100.000000
28, 	-76.039406, 	100.000000
29, 	-78.622322, 	100.000000
30, 	-78.358162, 	100.000000
31, 	-78.720726, 	100.000000
32, 	-79.167412, 	100.000000
33, 	-79.223305, 	100.000000
34, 	-80.734138, 	100.000000
35, 	-79.336319, 	100.000000
36, 	-80.903221, 	100.000000
37, 	-81.749252, 	100.000000
38, 	-82.508377, 	100.000000
39, 	-83.538803, 	100.000000
40, 	-83.119507, 	100.000000
41, 	-83.993690, 	100.000000
42, 	-84.726677, 	100.000000
43, 	-84.862671, 	100.000000
44, 	-84.327637, 	100.000000
45, 	-86.312935, 	100.000000
46, 	-85.173073, 	100.000000
47, 	-86.086372, 	100.000000
48, 	-86.716934, 	100.000000
49, 	-85.908096, 	100.000000
50, 	-86.458885, 	100.000000
