1, 	-2.335983, 	60.000000
2, 	-21.654274, 	20.000000
3, 	-28.389004, 	40.000000
4, 	-33.604465, 	50.000000
5, 	-36.846092, 	60.000000
6, 	-39.471519, 	70.000000
7, 	-40.969887, 	70.000000
8, 	-43.521896, 	70.000000
9, 	-44.892288, 	70.000000
10, 	-45.751251, 	70.000000
11, 	-47.045334, 	70.000000
12, 	-47.567028, 	70.000000
13, 	-49.622787, 	70.000000
14, 	-49.862331, 	70.000000
15, 	-52.217369, 	70.000000
16, 	-53.661106, 	70.000000
17, 	-53.756653, 	70.000000
18, 	-55.145176, 	70.000000
19, 	-55.155594, 	70.000000
20, 	-58.081547, 	70.000000
21, 	-59.784664, 	70.000000
22, 	-59.527172, 	70.000000
23, 	-59.168491, 	70.000000
24, 	-60.033344, 	70.000000
25, 	-59.377811, 	70.000000
26, 	-59.712589, 	70.000000
27, 	-61.937084, 	70.000000
28, 	-61.673576, 	70.000000
29, 	-62.703384, 	70.000000
30, 	-62.977577, 	70.000000
31, 	-63.856750, 	70.000000
32, 	-63.732197, 	70.000000
33, 	-64.112175, 	80.000000
34, 	-64.081123, 	80.000000
35, 	-64.692169, 	80.000000
36, 	-64.030182, 	80.000000
37, 	-64.795898, 	80.000000
38, 	-65.380066, 	80.000000
39, 	-65.862686, 	80.000000
40, 	-65.193016, 	80.000000
41, 	-65.891525, 	80.000000
42, 	-66.047798, 	80.000000
43, 	-66.021156, 	80.000000
44, 	-66.160744, 	80.000000
45, 	-66.191444, 	80.000000
46, 	-67.080307, 	80.000000
47, 	-67.805618, 	80.000000
48, 	-68.527016, 	80.000000
49, 	-70.883797, 	80.000000
50, 	-71.660515, 	80.000000
