1, 	0.106926, 	0.000000
2, 	1.882129, 	0.000000
3, 	1.838918, 	0.000000
4, 	1.498097, 	0.000000
5, 	-0.481214, 	0.000000
6, 	-1.586668, 	0.000000
7, 	-3.304661, 	10.000000
8, 	-4.604170, 	10.000000
9, 	-5.788584, 	10.000000
10, 	-6.374348, 	20.000000
11, 	-7.523606, 	20.000000
12, 	-9.014091, 	20.000000
13, 	-9.357544, 	10.000000
14, 	-10.539026, 	20.000000
15, 	-11.726139, 	20.000000
16, 	-12.166916, 	20.000000
17, 	-13.163489, 	20.000000
18, 	-14.082729, 	20.000000
19, 	-14.468118, 	20.000000
20, 	-15.458797, 	20.000000
21, 	-16.623989, 	20.000000
22, 	-17.647181, 	20.000000
23, 	-18.324669, 	20.000000
24, 	-19.747776, 	20.000000
25, 	-20.223118, 	20.000000
26, 	-21.523869, 	20.000000
27, 	-22.145693, 	20.000000
28, 	-23.572300, 	20.000000
29, 	-24.395229, 	20.000000
30, 	-26.233120, 	20.000000
31, 	-27.239330, 	20.000000
32, 	-28.123154, 	20.000000
33, 	-29.697350, 	20.000000
34, 	-31.692909, 	20.000000
35, 	-31.985390, 	20.000000
36, 	-33.384922, 	20.000000
37, 	-34.838455, 	20.000000
38, 	-36.537979, 	20.000000
39, 	-38.445480, 	30.000000
40, 	-39.535145, 	30.000000
41, 	-41.803764, 	30.000000
42, 	-42.827259, 	30.000000
43, 	-44.504486, 	30.000000
44, 	-45.899521, 	30.000000
45, 	-47.242599, 	50.000000
46, 	-48.615135, 	50.000000
