1, 	2.244759, 	34.869999, 	-0.018866, 	10.000000
2, 	2.140631, 	49.039997, 	-0.059389, 	20.000000
3, 	1.877024, 	69.970001, 	-0.196668, 	20.000000
4, 	1.271353, 	77.470001, 	-0.693801, 	30.000000
5, 	0.784407, 	81.639999, 	-1.474592, 	30.000000
6, 	0.575511, 	85.180000, 	-2.027497, 	30.000000
7, 	0.484425, 	86.610001, 	-2.453545, 	30.000000
8, 	0.431627, 	88.110001, 	-2.835320, 	30.000000
9, 	0.405348, 	88.259995, 	-2.929849, 	30.000000
10, 	0.380416, 	89.059998, 	-3.145935, 	30.000000
11, 	0.348359, 	89.919998, 	-3.347665, 	30.000000
12, 	0.337635, 	90.279999, 	-3.352461, 	30.000000
13, 	0.326165, 	90.309998, 	-3.410832, 	30.000000
14, 	0.316138, 	90.540001, 	-3.559050, 	30.000000
15, 	0.321277, 	90.540001, 	-3.592192, 	30.000000
16, 	0.297571, 	91.379997, 	-3.601299, 	30.000000
17, 	0.298198, 	91.209999, 	-3.858318, 	30.000000
18, 	0.298857, 	91.049995, 	-3.755535, 	30.000000
19, 	0.284298, 	91.759995, 	-3.625414, 	30.000000
20, 	0.297197, 	90.909996, 	-3.615984, 	30.000000
21, 	0.263242, 	92.389999, 	-3.635263, 	30.000000
22, 	0.264581, 	92.349998, 	-3.498775, 	30.000000
23, 	0.244040, 	92.970001, 	-3.653740, 	30.000000
24, 	0.245898, 	92.899994, 	-3.525220, 	30.000000
25, 	0.237098, 	93.139999, 	-3.618177, 	30.000000
26, 	0.237783, 	93.119995, 	-3.580786, 	30.000000
27, 	0.232874, 	93.040001, 	-3.599114, 	30.000000
28, 	0.227069, 	93.339996, 	-3.591211, 	30.000000
29, 	0.222196, 	93.610001, 	-3.658776, 	30.000000
30, 	0.220780, 	93.639999, 	-3.564467, 	30.000000
31, 	0.218986, 	93.649994, 	-3.609217, 	30.000000
32, 	0.213910, 	93.729996, 	-3.578181, 	30.000000
33, 	0.208090, 	93.750000, 	-3.716834, 	30.000000
34, 	0.209089, 	93.759995, 	-3.605986, 	30.000000
35, 	0.204004, 	94.009995, 	-3.597747, 	30.000000
36, 	0.207421, 	93.879997, 	-3.412382, 	30.000000
37, 	0.197544, 	94.139999, 	-3.601925, 	30.000000
38, 	0.194412, 	94.299995, 	-3.384846, 	30.000000
39, 	0.191696, 	94.459999, 	-3.490923, 	30.000000
40, 	0.188692, 	94.500000, 	-3.513692, 	30.000000
41, 	0.188721, 	94.529999, 	-3.577146, 	30.000000
42, 	0.187543, 	94.610001, 	-3.583638, 	30.000000
43, 	0.185277, 	94.699997, 	-3.612912, 	30.000000
44, 	0.189003, 	94.540001, 	-3.520567, 	30.000000
45, 	0.179220, 	94.919998, 	-3.587786, 	30.000000
46, 	0.176763, 	94.979996, 	-3.565265, 	30.000000
47, 	0.174107, 	95.059998, 	-3.570734, 	30.000000
48, 	0.174858, 	94.930000, 	-3.599101, 	30.000000
49, 	0.173116, 	94.979996, 	-3.589816, 	30.000000
50, 	0.176361, 	94.860001, 	-3.510437, 	30.000000
