1, 	-0.453012, 	10.000000
2, 	-3.658906, 	0.000000
3, 	-6.308527, 	0.000000
4, 	-6.536977, 	0.000000
5, 	-7.249784, 	10.000000
6, 	-7.591760, 	10.000000
7, 	-8.874370, 	10.000000
8, 	-9.759848, 	10.000000
9, 	-10.632639, 	20.000000
10, 	-10.577017, 	20.000000
11, 	-11.382807, 	20.000000
12, 	-11.295500, 	20.000000
13, 	-11.709160, 	20.000000
14, 	-13.552899, 	20.000000
15, 	-14.360839, 	20.000000
16, 	-14.513901, 	20.000000
17, 	-15.486375, 	20.000000
18, 	-15.796432, 	20.000000
19, 	-16.349562, 	20.000000
20, 	-17.609482, 	20.000000
21, 	-17.520960, 	20.000000
22, 	-18.390522, 	20.000000
23, 	-19.519272, 	20.000000
24, 	-19.894283, 	20.000000
25, 	-20.168707, 	20.000000
26, 	-21.662167, 	20.000000
27, 	-22.030609, 	20.000000
28, 	-23.487936, 	20.000000
29, 	-24.484852, 	20.000000
30, 	-25.041714, 	30.000000
31, 	-25.515535, 	20.000000
32, 	-26.583820, 	30.000000
33, 	-26.932697, 	30.000000
34, 	-28.117035, 	30.000000
35, 	-28.478638, 	30.000000
36, 	-29.604836, 	30.000000
37, 	-30.280258, 	30.000000
38, 	-30.201284, 	30.000000
39, 	-31.670368, 	30.000000
40, 	-32.755241, 	30.000000
41, 	-33.315750, 	30.000000
42, 	-33.419487, 	30.000000
43, 	-33.767876, 	30.000000
44, 	-34.743896, 	30.000000
45, 	-35.842476, 	30.000000
46, 	-35.923431, 	30.000000
47, 	-36.292999, 	30.000000
48, 	-37.909004, 	30.000000
49, 	-38.348156, 	30.000000
50, 	-38.604218, 	30.000000
