1, 	2.217909, 	35.529999, 	-0.118862, 	0.000000
2, 	2.011358, 	61.439999, 	-0.245799, 	10.000000
3, 	1.467329, 	72.599998, 	-0.512377, 	10.000000
4, 	0.867876, 	81.519997, 	-0.841100, 	10.000000
5, 	0.596251, 	85.339996, 	-0.997676, 	10.000000
6, 	0.474649, 	87.669998, 	-1.111863, 	10.000000
7, 	0.405580, 	89.169998, 	-1.200446, 	10.000000
8, 	0.360962, 	90.049995, 	-1.320262, 	10.000000
9, 	0.329960, 	90.629997, 	-1.506515, 	20.000000
10, 	0.305559, 	91.349998, 	-1.667318, 	20.000000
11, 	0.285674, 	91.930000, 	-1.833785, 	20.000000
12, 	0.270613, 	92.389999, 	-2.027054, 	20.000000
13, 	0.256103, 	92.669998, 	-2.210156, 	20.000000
14, 	0.245168, 	92.899994, 	-2.414416, 	20.000000
15, 	0.234220, 	93.059998, 	-2.596336, 	20.000000
16, 	0.224105, 	93.269997, 	-2.775537, 	20.000000
17, 	0.215575, 	93.549995, 	-2.965626, 	20.000000
18, 	0.207218, 	93.769997, 	-3.134864, 	20.000000
19, 	0.200034, 	94.000000, 	-3.300556, 	20.000000
20, 	0.192862, 	94.220001, 	-3.465537, 	20.000000
21, 	0.187089, 	94.379997, 	-3.640750, 	20.000000
22, 	0.180531, 	94.549995, 	-3.790302, 	30.000000
23, 	0.174266, 	94.750000, 	-3.941901, 	40.000000
24, 	0.170193, 	94.930000, 	-4.110217, 	40.000000
25, 	0.164456, 	95.159996, 	-4.233123, 	40.000000
26, 	0.160376, 	95.149994, 	-4.390574, 	40.000000
27, 	0.155425, 	95.329994, 	-4.521631, 	50.000000
28, 	0.150604, 	95.540001, 	-4.626049, 	50.000000
29, 	0.146990, 	95.610001, 	-4.745843, 	50.000000
30, 	0.143984, 	95.750000, 	-4.874311, 	50.000000
31, 	0.139743, 	95.829994, 	-4.969793, 	50.000000
32, 	0.136188, 	95.919998, 	-5.078277, 	50.000000
33, 	0.133308, 	95.919998, 	-5.189211, 	70.000000
34, 	0.130128, 	96.049995, 	-5.290476, 	80.000000
35, 	0.127076, 	96.099998, 	-5.397071, 	80.000000
36, 	0.124823, 	96.149994, 	-5.480349, 	80.000000
37, 	0.121666, 	96.290001, 	-5.584958, 	80.000000
38, 	0.118992, 	96.279999, 	-5.640719, 	80.000000
39, 	0.116295, 	96.399994, 	-5.716436, 	80.000000
40, 	0.115156, 	96.430000, 	-5.797720, 	90.000000
41, 	0.112115, 	96.549995, 	-5.863745, 	90.000000
42, 	0.110096, 	96.610001, 	-5.933079, 	90.000000
43, 	0.107787, 	96.639999, 	-5.976395, 	90.000000
44, 	0.106348, 	96.649994, 	-6.050851, 	90.000000
45, 	0.104351, 	96.720001, 	-6.161308, 	90.000000
46, 	0.102654, 	96.739998, 	-6.192440, 	90.000000
47, 	0.100993, 	96.799995, 	-6.236536, 	90.000000
48, 	0.098768, 	96.909996, 	-6.316339, 	90.000000
49, 	0.097890, 	96.869995, 	-6.369605, 	90.000000
50, 	0.096150, 	97.009995, 	-6.403500, 	90.000000
