1, 	2.241230, 	23.660000, 	-0.155763, 	30.000000
2, 	2.084018, 	42.139999, 	-0.477344, 	50.000000
3, 	1.613426, 	50.219997, 	-1.328498, 	70.000000
4, 	1.069045, 	60.289997, 	-2.964552, 	70.000000
5, 	0.800769, 	70.040001, 	-4.211873, 	80.000000
6, 	0.671737, 	75.900002, 	-5.029728, 	90.000000
7, 	0.609713, 	78.779999, 	-5.626111, 	90.000000
8, 	0.540170, 	81.699997, 	-6.042623, 	100.000000
9, 	0.496143, 	83.599998, 	-6.356329, 	100.000000
10, 	0.461227, 	84.849998, 	-6.610506, 	100.000000
11, 	0.424295, 	86.250000, 	-6.803123, 	100.000000
12, 	0.395485, 	87.500000, 	-6.953578, 	100.000000
13, 	0.381268, 	87.799995, 	-7.113808, 	100.000000
14, 	0.366156, 	88.389999, 	-7.242098, 	100.000000
15, 	0.336757, 	89.349998, 	-7.318311, 	100.000000
16, 	0.319707, 	89.930000, 	-7.458083, 	100.000000
17, 	0.305076, 	90.430000, 	-7.551419, 	100.000000
18, 	0.283658, 	91.159996, 	-7.595111, 	100.000000
19, 	0.277792, 	91.309998, 	-7.675815, 	100.000000
20, 	0.265122, 	91.689995, 	-7.793432, 	100.000000
21, 	0.249559, 	92.149994, 	-7.825514, 	100.000000
22, 	0.239237, 	92.579994, 	-7.904372, 	100.000000
23, 	0.229275, 	92.869995, 	-8.015919, 	100.000000
24, 	0.225821, 	92.829994, 	-8.091134, 	100.000000
25, 	0.213433, 	93.239998, 	-8.132395, 	100.000000
26, 	0.210994, 	93.269997, 	-8.231677, 	100.000000
27, 	0.198149, 	93.970001, 	-8.284222, 	100.000000
28, 	0.193572, 	94.079994, 	-8.386696, 	100.000000
29, 	0.186875, 	94.250000, 	-8.445377, 	100.000000
30, 	0.180657, 	94.409996, 	-8.520185, 	100.000000
31, 	0.175806, 	94.619995, 	-8.552985, 	100.000000
32, 	0.171754, 	94.689995, 	-8.601270, 	100.000000
33, 	0.166653, 	94.909996, 	-8.655388, 	100.000000
34, 	0.162304, 	95.040001, 	-8.719810, 	100.000000
35, 	0.156118, 	95.220001, 	-8.771275, 	100.000000
36, 	0.154379, 	95.220001, 	-8.848476, 	100.000000
37, 	0.151287, 	95.259995, 	-8.889501, 	100.000000
38, 	0.145926, 	95.430000, 	-8.930541, 	100.000000
39, 	0.141441, 	95.489998, 	-8.963045, 	100.000000
40, 	0.140594, 	95.519997, 	-9.032239, 	100.000000
41, 	0.135477, 	95.750000, 	-9.062116, 	100.000000
42, 	0.134092, 	95.779999, 	-9.123703, 	100.000000
43, 	0.133136, 	95.709999, 	-9.167860, 	100.000000
44, 	0.127761, 	95.970001, 	-9.188365, 	100.000000
45, 	0.127292, 	96.000000, 	-9.285941, 	100.000000
46, 	0.122583, 	96.129997, 	-9.299624, 	100.000000
47, 	0.121567, 	96.099998, 	-9.380480, 	100.000000
48, 	0.118987, 	96.250000, 	-9.355013, 	100.000000
49, 	0.117740, 	96.239998, 	-9.442257, 	100.000000
50, 	0.114343, 	96.399994, 	-9.436345, 	100.000000
