1, 	-18.744747, 	30.000000
2, 	-45.918915, 	50.000000
3, 	-56.661453, 	80.000000
4, 	-63.284836, 	90.000000
5, 	-67.074432, 	90.000000
6, 	-71.513153, 	100.000000
7, 	-75.552170, 	100.000000
8, 	-77.920952, 	100.000000
9, 	-82.250580, 	100.000000
10, 	-85.008240, 	100.000000
11, 	-87.705727, 	100.000000
12, 	-87.683647, 	100.000000
13, 	-90.553917, 	100.000000
14, 	-91.063698, 	100.000000
15, 	-92.675392, 	100.000000
16, 	-95.229736, 	100.000000
17, 	-96.292267, 	100.000000
18, 	-97.919868, 	100.000000
19, 	-98.704918, 	100.000000
20, 	-100.446838, 	100.000000
21, 	-101.576050, 	100.000000
22, 	-102.865913, 	100.000000
23, 	-103.351990, 	100.000000
24, 	-105.440208, 	100.000000
25, 	-105.684296, 	100.000000
26, 	-106.747635, 	100.000000
27, 	-108.003044, 	100.000000
28, 	-108.533310, 	100.000000
29, 	-110.615173, 	100.000000
30, 	-109.730598, 	100.000000
31, 	-111.303574, 	100.000000
32, 	-111.171181, 	100.000000
33, 	-112.855003, 	100.000000
34, 	-113.512238, 	100.000000
35, 	-115.517601, 	100.000000
36, 	-114.836105, 	100.000000
37, 	-116.430672, 	100.000000
38, 	-116.661667, 	100.000000
39, 	-117.922089, 	100.000000
40, 	-118.362053, 	100.000000
41, 	-119.602539, 	100.000000
42, 	-119.765060, 	100.000000
43, 	-121.196335, 	100.000000
44, 	-120.414017, 	100.000000
45, 	-122.707405, 	100.000000
46, 	-124.240005, 	100.000000
47, 	-123.862045, 	100.000000
48, 	-125.020103, 	100.000000
49, 	-125.783737, 	100.000000
50, 	-126.278015, 	100.000000
