1, 	-16.136322, 	20.000000
2, 	-22.131830, 	20.000000
3, 	-26.708460, 	20.000000
4, 	-29.640678, 	20.000000
5, 	-33.742573, 	20.000000
6, 	-37.129971, 	40.000000
7, 	-40.410275, 	50.000000
8, 	-43.174881, 	50.000000
9, 	-46.981686, 	60.000000
10, 	-49.714817, 	60.000000
11, 	-51.883892, 	60.000000
12, 	-55.822594, 	80.000000
13, 	-58.001186, 	80.000000
14, 	-59.952801, 	80.000000
15, 	-62.265320, 	90.000000
16, 	-64.179985, 	90.000000
17, 	-66.836220, 	90.000000
18, 	-68.992035, 	90.000000
19, 	-70.762787, 	90.000000
20, 	-72.893074, 	90.000000
21, 	-75.317894, 	90.000000
22, 	-76.777718, 	90.000000
23, 	-78.687973, 	90.000000
24, 	-80.604950, 	90.000000
25, 	-82.748405, 	90.000000
26, 	-84.135788, 	90.000000
27, 	-85.456833, 	90.000000
28, 	-87.081299, 	90.000000
29, 	-88.632080, 	90.000000
30, 	-89.638351, 	100.000000
31, 	-91.734032, 	100.000000
32, 	-92.925217, 	100.000000
33, 	-94.466591, 	100.000000
34, 	-95.794716, 	100.000000
35, 	-96.997040, 	100.000000
36, 	-97.914993, 	100.000000
37, 	-99.401787, 	100.000000
38, 	-101.405632, 	100.000000
39, 	-103.700531, 	100.000000
40, 	-104.121605, 	100.000000
41, 	-105.515549, 	100.000000
42, 	-106.620514, 	100.000000
43, 	-107.358849, 	100.000000
44, 	-108.342453, 	100.000000
45, 	-110.067719, 	100.000000
46, 	-110.792770, 	100.000000
47, 	-112.737579, 	100.000000
48, 	-112.751396, 	100.000000
49, 	-113.797119, 	100.000000
50, 	-115.737869, 	100.000000
