1, 	2.243740, 	24.619999, 	-0.072980, 	20.000000
2, 	2.130157, 	47.949997, 	-0.162625, 	30.000000
3, 	1.840762, 	69.119995, 	-0.322023, 	30.000000
4, 	1.221436, 	77.709999, 	-0.645540, 	20.000000
5, 	0.754740, 	82.519997, 	-0.992117, 	10.000000
6, 	0.562826, 	85.720001, 	-1.246078, 	10.000000
7, 	0.473676, 	87.430000, 	-1.468484, 	20.000000
8, 	0.418999, 	88.479996, 	-1.651419, 	30.000000
9, 	0.385774, 	89.129997, 	-1.846313, 	30.000000
10, 	0.360052, 	89.799995, 	-2.064374, 	20.000000
11, 	0.337395, 	90.329994, 	-2.249263, 	20.000000
12, 	0.319553, 	90.849998, 	-2.431350, 	20.000000
13, 	0.304963, 	91.239998, 	-2.633208, 	20.000000
14, 	0.294293, 	91.470001, 	-2.863673, 	20.000000
15, 	0.282465, 	91.889999, 	-3.071711, 	20.000000
16, 	0.271616, 	92.220001, 	-3.256405, 	20.000000
17, 	0.264096, 	92.309998, 	-3.517362, 	20.000000
18, 	0.253732, 	92.619995, 	-3.699979, 	40.000000
19, 	0.248615, 	92.769997, 	-3.911848, 	50.000000
20, 	0.237774, 	93.070000, 	-4.080593, 	50.000000
21, 	0.230239, 	93.349998, 	-4.255230, 	50.000000
22, 	0.223992, 	93.430000, 	-4.445036, 	50.000000
23, 	0.216201, 	93.709999, 	-4.619986, 	50.000000
24, 	0.212161, 	93.680000, 	-4.828216, 	60.000000
25, 	0.209115, 	93.779999, 	-5.017084, 	60.000000
26, 	0.202067, 	93.930000, 	-5.192516, 	80.000000
27, 	0.198105, 	94.159996, 	-5.373756, 	90.000000
28, 	0.191738, 	94.299995, 	-5.532742, 	90.000000
29, 	0.187174, 	94.500000, 	-5.704942, 	90.000000
30, 	0.181839, 	94.570000, 	-5.879008, 	90.000000
31, 	0.179692, 	94.649994, 	-6.076777, 	90.000000
32, 	0.176403, 	94.680000, 	-6.211142, 	90.000000
33, 	0.169897, 	94.939995, 	-6.353332, 	90.000000
34, 	0.167117, 	94.909996, 	-6.523439, 	90.000000
35, 	0.163862, 	94.959999, 	-6.676564, 	90.000000
36, 	0.162554, 	95.019997, 	-6.834917, 	90.000000
37, 	0.157607, 	95.139999, 	-6.935036, 	100.000000
38, 	0.155738, 	95.290001, 	-7.084895, 	100.000000
39, 	0.149196, 	95.379997, 	-7.197973, 	100.000000
40, 	0.147170, 	95.500000, 	-7.297784, 	100.000000
41, 	0.146925, 	95.449997, 	-7.426402, 	100.000000
42, 	0.142345, 	95.549995, 	-7.484547, 	100.000000
43, 	0.139386, 	95.599998, 	-7.586544, 	100.000000
44, 	0.134616, 	95.860001, 	-7.703766, 	100.000000
45, 	0.130085, 	95.949997, 	-7.757954, 	100.000000
46, 	0.127765, 	96.059998, 	-7.826466, 	100.000000
47, 	0.125688, 	96.049995, 	-7.901169, 	100.000000
48, 	0.124487, 	96.129997, 	-8.003207, 	100.000000
49, 	0.120938, 	96.229996, 	-8.082318, 	100.000000
50, 	0.117580, 	96.369995, 	-8.104333, 	100.000000
