1, 	2.245369, 	27.269999
2, 	2.139106, 	50.489998
3, 	1.874160, 	70.919998
4, 	1.273292, 	77.709999
5, 	0.773334, 	82.809998
6, 	0.568556, 	86.180000
7, 	0.470851, 	87.939995
8, 	0.415395, 	88.829994
9, 	0.378249, 	89.559998
10, 	0.351807, 	90.119995
11, 	0.330728, 	90.559998
12, 	0.313348, 	91.059998
13, 	0.298786, 	91.470001
14, 	0.286018, 	91.879997
15, 	0.274520, 	92.119995
16, 	0.264179, 	92.419998
17, 	0.254825, 	92.610001
18, 	0.246341, 	92.849998
19, 	0.238195, 	93.110001
20, 	0.230980, 	93.339996
21, 	0.223543, 	93.570000
22, 	0.217119, 	93.790001
23, 	0.211045, 	94.040001
24, 	0.204489, 	94.159996
25, 	0.198984, 	94.349998
26, 	0.193804, 	94.439995
27, 	0.188887, 	94.540001
28, 	0.183650, 	94.659996
29, 	0.178662, 	94.829994
30, 	0.174282, 	94.919998
31, 	0.169610, 	95.070000
32, 	0.165497, 	95.189995
33, 	0.161532, 	95.360001
34, 	0.157774, 	95.459999
35, 	0.153989, 	95.559998
36, 	0.150678, 	95.629997
37, 	0.147219, 	95.689995
38, 	0.143841, 	95.750000
39, 	0.140776, 	95.820000
40, 	0.137479, 	95.869995
41, 	0.134761, 	95.949997
42, 	0.132187, 	96.070000
43, 	0.129471, 	96.149994
44, 	0.126863, 	96.279999
45, 	0.124341, 	96.320000
46, 	0.121959, 	96.320000
47, 	0.119730, 	96.369995
48, 	0.117485, 	96.379997
49, 	0.115457, 	96.439995
50, 	0.113364, 	96.529999
