1, 	2.295777, 	13.620000
2, 	2.285482, 	15.889999
3, 	2.269187, 	20.740000
4, 	2.245916, 	27.670000
5, 	2.212882, 	38.730000
6, 	2.167950, 	42.039997
7, 	2.104662, 	46.480000
8, 	2.012948, 	57.239998
9, 	1.877826, 	64.369995
10, 	1.681354, 	69.739998
11, 	1.420220, 	72.330002
12, 	1.128287, 	74.360001
13, 	0.882247, 	74.849998
14, 	0.716271, 	76.500000
15, 	0.630331, 	78.709999
16, 	0.587764, 	80.839996
17, 	0.572063, 	82.680000
18, 	0.566391, 	83.849998
19, 	0.557929, 	85.459999
20, 	0.548380, 	86.540001
21, 	0.545298, 	87.049995
22, 	0.541264, 	87.519997
23, 	0.524682, 	88.259995
24, 	0.512990, 	88.650002
25, 	0.488408, 	89.110001
26, 	0.460123, 	89.549995
27, 	0.436194, 	89.829994
28, 	0.407489, 	90.139999
29, 	0.375382, 	90.509995
30, 	0.347294, 	90.939995
31, 	0.320528, 	91.279999
32, 	0.299716, 	91.540001
33, 	0.283509, 	91.729996
34, 	0.272534, 	92.049995
35, 	0.264971, 	92.299995
36, 	0.255949, 	92.320000
37, 	0.245404, 	92.729996
38, 	0.236220, 	93.079994
39, 	0.229334, 	93.259995
40, 	0.219072, 	93.470001
41, 	0.210316, 	93.649994
42, 	0.201510, 	94.040001
43, 	0.196972, 	94.279999
44, 	0.192319, 	94.320000
45, 	0.187193, 	94.449997
46, 	0.184157, 	94.519997
47, 	0.180201, 	94.540001
48, 	0.176026, 	94.629997
49, 	0.172648, 	94.779999
50, 	0.166539, 	94.970001
