1, 	2.281395, 	12.799999
2, 	2.251264, 	14.349999
3, 	2.191778, 	28.439999
4, 	2.049598, 	42.719997
5, 	1.699441, 	59.299999
6, 	1.279056, 	61.299999
7, 	1.061820, 	62.910000
8, 	0.964211, 	64.269997
9, 	0.911421, 	65.360001
10, 	0.877723, 	66.729996
11, 	0.853051, 	67.500000
12, 	0.834082, 	68.509995
13, 	0.817341, 	69.330002
14, 	0.803179, 	70.059998
15, 	0.790519, 	70.629997
16, 	0.778963, 	71.299995
17, 	0.768836, 	71.629997
18, 	0.759363, 	72.129997
19, 	0.750510, 	72.489998
20, 	0.742494, 	72.479996
21, 	0.733606, 	73.229996
22, 	0.726236, 	73.259995
23, 	0.718332, 	74.169998
24, 	0.711868, 	74.290001
25, 	0.704000, 	74.750000
26, 	0.697775, 	74.779999
27, 	0.690751, 	75.080002
28, 	0.683181, 	75.639999
29, 	0.676705, 	75.879997
30, 	0.671019, 	76.180000
31, 	0.665416, 	76.320000
32, 	0.659035, 	76.369995
33, 	0.654583, 	76.830002
34, 	0.648227, 	76.849998
35, 	0.644572, 	77.220001
36, 	0.639094, 	77.189995
37, 	0.635055, 	77.169998
38, 	0.631156, 	77.389999
39, 	0.627021, 	77.739998
40, 	0.623571, 	77.720001
41, 	0.619789, 	77.769997
42, 	0.616706, 	77.919998
43, 	0.613454, 	77.949997
44, 	0.610738, 	78.040001
45, 	0.608558, 	77.939995
46, 	0.604380, 	78.150002
47, 	0.601587, 	78.220001
48, 	0.598975, 	78.239998
49, 	0.595766, 	78.459999
50, 	0.593265, 	78.500000
