1, 	2.245186, 	26.769999
2, 	2.138173, 	49.730000
3, 	1.870669, 	70.860001
4, 	1.266510, 	77.739998
5, 	0.769338, 	83.000000
6, 	0.566737, 	86.229996
7, 	0.469755, 	87.970001
8, 	0.414704, 	88.930000
9, 	0.377668, 	89.639999
10, 	0.351214, 	90.150002
11, 	0.330108, 	90.619995
12, 	0.312662, 	91.070000
13, 	0.297981, 	91.470001
14, 	0.284710, 	92.009995
15, 	0.272868, 	92.259995
16, 	0.262519, 	92.449997
17, 	0.252924, 	92.689995
18, 	0.244147, 	92.959999
19, 	0.235989, 	93.189995
20, 	0.228512, 	93.489998
21, 	0.221018, 	93.689995
22, 	0.214335, 	93.919998
23, 	0.208138, 	94.089996
24, 	0.201468, 	94.220001
25, 	0.195640, 	94.419998
26, 	0.190408, 	94.500000
27, 	0.185353, 	94.639999
28, 	0.179887, 	94.709999
29, 	0.174802, 	94.889999
30, 	0.170451, 	95.059998
31, 	0.165666, 	95.180000
32, 	0.161520, 	95.360001
33, 	0.157619, 	95.470001
34, 	0.153719, 	95.599998
35, 	0.149928, 	95.610001
36, 	0.146655, 	95.709999
37, 	0.143098, 	95.779999
38, 	0.139712, 	95.869995
39, 	0.136699, 	95.930000
40, 	0.133521, 	95.989998
41, 	0.130959, 	96.079994
42, 	0.128052, 	96.149994
43, 	0.125483, 	96.199997
44, 	0.122922, 	96.329994
45, 	0.120412, 	96.349998
46, 	0.118075, 	96.439995
47, 	0.115857, 	96.509995
48, 	0.113643, 	96.559998
49, 	0.111750, 	96.579994
50, 	0.109666, 	96.599998
