1, 	1.826527, 	54.219997
2, 	0.867625, 	67.799995
3, 	0.763801, 	71.779999
4, 	0.703092, 	75.169998
5, 	0.669269, 	76.259995
6, 	0.647067, 	76.970001
7, 	0.633404, 	77.180000
8, 	0.614914, 	77.369995
9, 	0.599267, 	78.159996
10, 	0.587411, 	78.439995
11, 	0.574039, 	78.970001
12, 	0.562508, 	79.250000
13, 	0.552702, 	79.529999
14, 	0.538881, 	80.309998
15, 	0.528021, 	80.790001
16, 	0.519332, 	80.889999
17, 	0.510012, 	81.320000
18, 	0.499461, 	81.979996
19, 	0.490154, 	82.430000
20, 	0.484530, 	82.610001
21, 	0.475482, 	82.939995
22, 	0.467789, 	83.299995
23, 	0.465255, 	83.430000
24, 	0.455689, 	83.769997
25, 	0.449721, 	84.129997
26, 	0.443491, 	84.089996
27, 	0.439125, 	84.439995
28, 	0.434211, 	84.669998
29, 	0.430014, 	84.750000
30, 	0.424697, 	84.879997
31, 	0.421816, 	85.040001
32, 	0.417467, 	85.180000
33, 	0.414162, 	85.279999
34, 	0.411710, 	85.449997
35, 	0.407207, 	85.669998
36, 	0.403761, 	85.689995
37, 	0.402440, 	85.900002
38, 	0.398254, 	85.900002
39, 	0.397178, 	85.799995
40, 	0.393004, 	86.000000
41, 	0.389876, 	86.059998
42, 	0.388569, 	86.220001
43, 	0.385853, 	86.290001
44, 	0.383888, 	86.489998
45, 	0.382866, 	86.409996
46, 	0.379030, 	86.489998
47, 	0.377890, 	86.449997
48, 	0.374921, 	86.680000
49, 	0.372912, 	86.750000
50, 	0.371310, 	86.790001
