1, 	2.245294, 	26.920000
2, 	2.138802, 	50.029999
3, 	1.873376, 	70.790001
4, 	1.271753, 	77.779999
5, 	0.771928, 	82.959999
6, 	0.568041, 	86.259995
7, 	0.470581, 	87.939995
8, 	0.415325, 	88.879997
9, 	0.378179, 	89.619995
10, 	0.351740, 	90.099998
11, 	0.330485, 	90.619995
12, 	0.313043, 	91.070000
13, 	0.298489, 	91.399994
14, 	0.285226, 	91.939995
15, 	0.273541, 	92.229996
16, 	0.263233, 	92.459999
17, 	0.253789, 	92.659996
18, 	0.245115, 	92.939995
19, 	0.236918, 	93.169998
20, 	0.229506, 	93.419998
21, 	0.222063, 	93.659996
22, 	0.215449, 	93.849998
23, 	0.209357, 	94.079994
24, 	0.202732, 	94.199997
25, 	0.196935, 	94.379997
26, 	0.191781, 	94.470001
27, 	0.186813, 	94.629997
28, 	0.181388, 	94.689995
29, 	0.176273, 	94.869995
30, 	0.171951, 	95.000000
31, 	0.167140, 	95.159996
32, 	0.162993, 	95.279999
33, 	0.159125, 	95.470001
34, 	0.155220, 	95.519997
35, 	0.151429, 	95.529999
36, 	0.148166, 	95.629997
37, 	0.144559, 	95.759995
38, 	0.141242, 	95.820000
39, 	0.138212, 	95.899994
40, 	0.135106, 	95.919998
41, 	0.132470, 	96.000000
42, 	0.129540, 	96.089996
43, 	0.126865, 	96.199997
44, 	0.124302, 	96.250000
45, 	0.121753, 	96.290001
46, 	0.119461, 	96.349998
47, 	0.117268, 	96.409996
48, 	0.114993, 	96.449997
49, 	0.113096, 	96.519997
50, 	0.110994, 	96.579994
