1, 	2.304126, 	7.930000
2, 	2.304126, 	7.930000
3, 	2.304126, 	7.930000
4, 	2.304126, 	7.930000
5, 	2.304126, 	7.930000
6, 	2.304126, 	7.930000
7, 	2.304126, 	7.930000
8, 	2.304126, 	7.930000
9, 	2.304126, 	7.930000
10, 	2.304126, 	7.930000
11, 	2.304126, 	7.930000
12, 	2.304126, 	7.930000
13, 	2.304126, 	7.930000
14, 	2.304126, 	7.930000
15, 	2.304126, 	7.930000
16, 	2.304126, 	7.930000
17, 	2.304126, 	7.930000
18, 	2.304126, 	7.930000
19, 	2.304126, 	7.930000
20, 	2.304126, 	7.930000
21, 	2.304126, 	7.930000
22, 	2.304126, 	7.930000
23, 	2.304126, 	7.930000
24, 	2.304126, 	7.930000
25, 	2.304126, 	7.930000
26, 	2.304126, 	7.930000
27, 	2.304126, 	7.930000
28, 	2.304126, 	7.930000
29, 	2.304126, 	7.930000
30, 	2.304126, 	7.930000
31, 	2.304126, 	7.930000
32, 	2.304126, 	7.930000
33, 	2.304126, 	7.930000
34, 	2.304126, 	7.930000
35, 	2.304126, 	7.930000
36, 	2.304126, 	7.930000
37, 	2.304126, 	7.930000
38, 	2.304126, 	7.930000
39, 	2.304126, 	7.930000
40, 	2.304126, 	7.930000
41, 	2.304126, 	7.930000
42, 	2.304126, 	7.930000
43, 	2.304126, 	7.930000
44, 	2.304126, 	7.930000
45, 	2.304126, 	7.930000
46, 	2.304126, 	7.930000
47, 	2.304126, 	7.930000
48, 	2.304126, 	7.930000
49, 	2.304126, 	7.930000
50, 	2.304126, 	7.930000
