1, 	2.245199, 	27.019999
2, 	2.137982, 	49.910000
3, 	1.869216, 	70.889999
4, 	1.264204, 	77.869995
5, 	0.768549, 	82.939995
6, 	0.565995, 	86.290001
7, 	0.469101, 	87.979996
8, 	0.413907, 	88.939995
9, 	0.376987, 	89.610001
10, 	0.350573, 	90.250000
11, 	0.329509, 	90.629997
12, 	0.312071, 	91.089996
13, 	0.297303, 	91.519997
14, 	0.284417, 	91.909996
15, 	0.272814, 	92.229996
16, 	0.262470, 	92.449997
17, 	0.253001, 	92.659996
18, 	0.244442, 	92.939995
19, 	0.236307, 	93.169998
20, 	0.228991, 	93.459999
21, 	0.221543, 	93.619995
22, 	0.214977, 	93.860001
23, 	0.208868, 	94.040001
24, 	0.202235, 	94.189995
25, 	0.196630, 	94.369995
26, 	0.191386, 	94.489998
27, 	0.186338, 	94.570000
28, 	0.181028, 	94.729996
29, 	0.176047, 	94.879997
30, 	0.171617, 	94.979996
31, 	0.166929, 	95.159996
32, 	0.162805, 	95.309998
33, 	0.158785, 	95.479996
34, 	0.154922, 	95.559998
35, 	0.151129, 	95.599998
36, 	0.147793, 	95.689995
37, 	0.144272, 	95.720001
38, 	0.140895, 	95.790001
39, 	0.137832, 	95.860001
40, 	0.134514, 	95.939995
41, 	0.131792, 	96.079994
42, 	0.129172, 	96.149994
43, 	0.126469, 	96.250000
44, 	0.123840, 	96.299995
45, 	0.121286, 	96.339996
46, 	0.118931, 	96.360001
47, 	0.116620, 	96.439995
48, 	0.114338, 	96.459999
49, 	0.112291, 	96.509995
50, 	0.110192, 	96.589996
