1, 	2.296537, 	10.000000
2, 	2.285742, 	10.000000
3, 	2.268850, 	14.879999
4, 	2.237652, 	25.609999
5, 	2.169369, 	29.379999
6, 	2.003468, 	39.189999
7, 	1.649291, 	59.079998
8, 	1.279365, 	61.199997
9, 	1.067317, 	63.139999
10, 	0.960303, 	64.760002
11, 	0.903035, 	66.369995
12, 	0.867777, 	67.159996
13, 	0.842225, 	68.470001
14, 	0.821261, 	69.750000
15, 	0.804057, 	70.269997
16, 	0.788640, 	71.080002
17, 	0.774576, 	71.470001
18, 	0.761388, 	72.239998
19, 	0.749053, 	72.720001
20, 	0.739021, 	72.779999
21, 	0.727065, 	73.830002
22, 	0.717933, 	74.000000
23, 	0.709717, 	74.470001
24, 	0.702321, 	74.580002
25, 	0.695834, 	74.650002
26, 	0.689517, 	75.150002
27, 	0.684560, 	75.239998
28, 	0.679738, 	75.150002
29, 	0.674564, 	75.639999
30, 	0.671295, 	75.759995
31, 	0.666817, 	76.009995
32, 	0.663303, 	75.889999
33, 	0.659449, 	75.979996
34, 	0.656265, 	76.169998
35, 	0.652581, 	76.279999
36, 	0.649539, 	76.349998
37, 	0.646370, 	76.470001
38, 	0.642949, 	76.669998
39, 	0.640174, 	76.699997
40, 	0.637602, 	76.939995
41, 	0.634249, 	77.059998
42, 	0.631809, 	77.089996
43, 	0.628579, 	77.290001
44, 	0.626276, 	77.389999
45, 	0.623664, 	77.419998
46, 	0.621461, 	77.470001
47, 	0.618072, 	77.629997
48, 	0.615935, 	77.680000
49, 	0.613439, 	77.659996
50, 	0.610349, 	77.879997
