1, 	0.691393, 	83.699997
2, 	0.338008, 	90.470001
3, 	0.258682, 	92.430000
4, 	0.211588, 	93.750000
5, 	0.180129, 	94.519997
6, 	0.156168, 	95.239998
7, 	0.138253, 	95.820000
8, 	0.123729, 	96.169998
9, 	0.111993, 	96.489998
10, 	0.101762, 	96.790001
11, 	0.093766, 	97.049995
12, 	0.088024, 	97.250000
13, 	0.082943, 	97.339996
14, 	0.077431, 	97.529999
15, 	0.072903, 	97.729996
16, 	0.070304, 	97.799995
17, 	0.066835, 	97.939995
18, 	0.063066, 	97.970001
19, 	0.061311, 	98.059998
20, 	0.058870, 	98.129997
21, 	0.057045, 	98.250000
22, 	0.055156, 	98.239998
23, 	0.053853, 	98.269997
24, 	0.051852, 	98.269997
25, 	0.050427, 	98.349998
26, 	0.049083, 	98.339996
27, 	0.047949, 	98.419998
28, 	0.046413, 	98.439995
29, 	0.045573, 	98.449997
30, 	0.045064, 	98.489998
31, 	0.043687, 	98.489998
32, 	0.042888, 	98.509995
33, 	0.042249, 	98.559998
34, 	0.041268, 	98.589996
35, 	0.040446, 	98.599998
36, 	0.040414, 	98.599998
37, 	0.039266, 	98.639999
38, 	0.038942, 	98.639999
39, 	0.038444, 	98.649994
40, 	0.037815, 	98.689995
41, 	0.037350, 	98.629997
42, 	0.037308, 	98.659996
43, 	0.036641, 	98.709999
44, 	0.036351, 	98.720001
45, 	0.035521, 	98.699997
46, 	0.035052, 	98.769997
47, 	0.034860, 	98.759995
48, 	0.034792, 	98.739998
49, 	0.034232, 	98.799995
50, 	0.034376, 	98.769997
