1, 	2.296527, 	10.000000
2, 	2.285763, 	10.000000
3, 	2.268964, 	14.540000
4, 	2.237937, 	25.529999
5, 	2.170293, 	28.789999
6, 	2.006025, 	36.930000
7, 	1.654082, 	59.209999
8, 	1.283874, 	61.419998
9, 	1.070410, 	63.129997
10, 	0.961961, 	64.720001
11, 	0.903860, 	66.349998
12, 	0.867995, 	67.080002
13, 	0.842404, 	68.650002
14, 	0.821385, 	69.750000
15, 	0.804148, 	70.309998
16, 	0.788561, 	71.040001
17, 	0.774316, 	71.509995
18, 	0.761676, 	72.040001
19, 	0.748660, 	72.879997
20, 	0.738276, 	72.869995
21, 	0.726563, 	73.909996
22, 	0.718007, 	74.119995
23, 	0.709579, 	74.299995
24, 	0.702050, 	74.419998
25, 	0.695540, 	74.669998
26, 	0.689079, 	75.150002
27, 	0.683848, 	75.299995
28, 	0.679077, 	75.360001
29, 	0.674236, 	75.610001
30, 	0.670726, 	75.659996
31, 	0.666749, 	75.909996
32, 	0.663227, 	75.949997
33, 	0.659159, 	75.979996
34, 	0.656048, 	76.209999
35, 	0.652342, 	76.430000
36, 	0.649070, 	76.559998
37, 	0.646373, 	76.379997
38, 	0.643093, 	76.680000
39, 	0.639287, 	76.739998
40, 	0.637305, 	76.979996
41, 	0.633919, 	76.959999
42, 	0.631459, 	77.059998
43, 	0.628334, 	77.229996
44, 	0.625839, 	77.309998
45, 	0.623797, 	77.259995
46, 	0.621085, 	77.360001
47, 	0.618052, 	77.540001
48, 	0.615689, 	77.580002
49, 	0.612994, 	77.680000
50, 	0.610174, 	77.849998
