1, 	0.547983, 	86.619995
2, 	0.307847, 	91.149994
3, 	0.242085, 	92.860001
4, 	0.198311, 	94.299995
5, 	0.169965, 	95.149994
6, 	0.147603, 	95.629997
7, 	0.130957, 	96.159996
8, 	0.115442, 	96.629997
9, 	0.105854, 	96.879997
10, 	0.096760, 	97.159996
11, 	0.088242, 	97.409996
12, 	0.082460, 	97.570000
13, 	0.076567, 	97.639999
14, 	0.072580, 	97.779999
15, 	0.069385, 	97.860001
16, 	0.065053, 	97.909996
17, 	0.062581, 	98.110001
18, 	0.059558, 	98.099998
19, 	0.056908, 	98.220001
20, 	0.055267, 	98.250000
21, 	0.053384, 	98.269997
22, 	0.051993, 	98.269997
23, 	0.050644, 	98.369995
24, 	0.048656, 	98.419998
25, 	0.047340, 	98.489998
26, 	0.046200, 	98.559998
27, 	0.045851, 	98.489998
28, 	0.044349, 	98.540001
29, 	0.043473, 	98.559998
30, 	0.042563, 	98.599998
31, 	0.042090, 	98.570000
32, 	0.040931, 	98.649994
33, 	0.040618, 	98.659996
34, 	0.040079, 	98.699997
35, 	0.039728, 	98.619995
36, 	0.039176, 	98.649994
37, 	0.038069, 	98.729996
38, 	0.038096, 	98.729996
39, 	0.037681, 	98.750000
40, 	0.037085, 	98.790001
41, 	0.036569, 	98.790001
42, 	0.036783, 	98.720001
43, 	0.036504, 	98.739998
44, 	0.036273, 	98.729996
45, 	0.035486, 	98.809998
46, 	0.035245, 	98.790001
47, 	0.035102, 	98.779999
48, 	0.035123, 	98.729996
49, 	0.034476, 	98.809998
50, 	0.034424, 	98.829994
