1, 	1.782052, 	57.209999
2, 	0.867255, 	67.439995
3, 	0.782557, 	71.389999
4, 	0.735631, 	73.070000
5, 	0.697124, 	75.009995
6, 	0.670704, 	75.229996
7, 	0.645499, 	76.889999
8, 	0.627869, 	77.489998
9, 	0.612789, 	77.949997
10, 	0.598278, 	78.549995
11, 	0.587129, 	78.639999
12, 	0.575311, 	79.099998
13, 	0.564474, 	79.309998
14, 	0.552401, 	79.669998
15, 	0.543360, 	80.089996
16, 	0.532667, 	80.659996
17, 	0.523918, 	81.089996
18, 	0.516061, 	81.500000
19, 	0.508854, 	81.809998
20, 	0.499084, 	81.949997
21, 	0.490664, 	82.309998
22, 	0.483914, 	82.629997
23, 	0.476199, 	82.839996
24, 	0.470447, 	83.299995
25, 	0.463809, 	83.389999
26, 	0.458046, 	83.479996
27, 	0.452523, 	83.790001
28, 	0.447923, 	83.790001
29, 	0.443006, 	84.199997
30, 	0.438754, 	84.360001
31, 	0.433973, 	84.579994
32, 	0.429659, 	84.779999
33, 	0.426213, 	85.040001
34, 	0.420709, 	85.019997
35, 	0.417848, 	84.970001
36, 	0.413939, 	85.029999
37, 	0.411899, 	85.229996
38, 	0.409867, 	85.279999
39, 	0.405783, 	85.479996
40, 	0.401528, 	85.619995
41, 	0.399800, 	85.599998
42, 	0.397236, 	85.689995
43, 	0.393993, 	85.959999
44, 	0.392305, 	86.040001
45, 	0.389321, 	86.029999
46, 	0.386723, 	86.099998
47, 	0.385644, 	86.199997
48, 	0.382765, 	86.269997
49, 	0.380534, 	86.470001
50, 	0.378622, 	86.529999
