1, 	2.301247, 	15.790000
2, 	2.301247, 	15.790000
3, 	2.301247, 	15.790000
4, 	2.301247, 	15.790000
5, 	2.301247, 	15.790000
6, 	2.301247, 	15.790000
7, 	2.301247, 	15.790000
8, 	2.301247, 	15.790000
9, 	2.301247, 	15.790000
10, 	2.301247, 	15.790000
11, 	2.301247, 	15.790000
12, 	2.301247, 	15.790000
13, 	2.301247, 	15.790000
14, 	2.301247, 	15.790000
15, 	2.301247, 	15.790000
16, 	2.301247, 	15.790000
17, 	2.301247, 	15.790000
18, 	2.301247, 	15.790000
19, 	2.301247, 	15.790000
20, 	2.301247, 	15.790000
21, 	2.301247, 	15.790000
22, 	2.301247, 	15.790000
23, 	2.301247, 	15.790000
24, 	2.301247, 	15.790000
25, 	2.301247, 	15.790000
26, 	2.301247, 	15.790000
27, 	2.301247, 	15.790000
28, 	2.301247, 	15.790000
29, 	2.301247, 	15.790000
30, 	2.301247, 	15.790000
31, 	2.301247, 	15.790000
32, 	2.301247, 	15.790000
33, 	2.301247, 	15.790000
34, 	2.301247, 	15.790000
35, 	2.301247, 	15.790000
36, 	2.301247, 	15.790000
37, 	2.301247, 	15.790000
38, 	2.301247, 	15.790000
39, 	2.301247, 	15.790000
40, 	2.301247, 	15.790000
41, 	2.301247, 	15.790000
42, 	2.301247, 	15.790000
43, 	2.301247, 	15.790000
44, 	2.301247, 	15.790000
45, 	2.301247, 	15.790000
46, 	2.301247, 	15.790000
47, 	2.301247, 	15.790000
48, 	2.301247, 	15.790000
49, 	2.301247, 	15.790000
50, 	2.301247, 	15.790000
