1, 	1.437143, 	55.439999
2, 	0.871753, 	66.439995
3, 	0.796003, 	70.759995
4, 	0.756316, 	71.290001
5, 	0.722836, 	73.309998
6, 	0.702643, 	74.009995
7, 	0.673630, 	75.659996
8, 	0.648045, 	76.379997
9, 	0.642605, 	76.919998
10, 	0.613495, 	77.709999
11, 	0.625473, 	76.610001
12, 	0.659907, 	75.070000
13, 	0.587184, 	78.729996
14, 	0.582752, 	79.189995
15, 	0.569409, 	78.930000
16, 	0.556800, 	79.669998
17, 	0.554292, 	79.860001
18, 	0.543094, 	79.959999
19, 	0.538347, 	80.269997
20, 	0.524593, 	80.869995
21, 	0.537715, 	80.259995
22, 	0.533571, 	80.610001
23, 	0.512328, 	81.269997
24, 	0.506951, 	81.089996
25, 	0.503353, 	81.339996
26, 	0.498373, 	81.689995
27, 	0.483073, 	82.309998
28, 	0.494796, 	81.829994
29, 	0.489329, 	82.159996
30, 	0.471956, 	83.009995
31, 	0.459197, 	83.579994
32, 	0.460830, 	83.209999
33, 	0.454363, 	83.900002
34, 	0.450885, 	84.079994
35, 	0.459263, 	83.379997
36, 	0.462455, 	83.509995
37, 	0.459752, 	83.110001
38, 	0.448229, 	83.769997
39, 	0.442963, 	83.860001
40, 	0.439623, 	84.049995
41, 	0.436305, 	84.449997
42, 	0.444587, 	83.869995
43, 	0.453897, 	83.529999
44, 	0.435109, 	84.449997
45, 	0.445104, 	84.259995
46, 	0.429412, 	84.529999
47, 	0.425960, 	84.930000
48, 	0.420381, 	85.099998
49, 	0.425038, 	84.570000
50, 	0.422520, 	84.919998
