1, 	2.152446, 	51.859997
2, 	0.930522, 	66.189995
3, 	0.796003, 	70.739998
4, 	0.736454, 	73.479996
5, 	0.691917, 	75.299995
6, 	0.662482, 	76.199997
7, 	0.642840, 	77.129997
8, 	0.627574, 	77.290001
9, 	0.611172, 	77.849998
10, 	0.599322, 	78.239998
11, 	0.585521, 	78.689995
12, 	0.573190, 	79.079994
13, 	0.561423, 	79.389999
14, 	0.550477, 	79.669998
15, 	0.540313, 	80.369995
16, 	0.529095, 	80.720001
17, 	0.520974, 	81.089996
18, 	0.510815, 	81.540001
19, 	0.502120, 	81.849998
20, 	0.494684, 	82.189995
21, 	0.487517, 	82.579994
22, 	0.481366, 	82.750000
23, 	0.474805, 	83.189995
24, 	0.470073, 	83.250000
25, 	0.462072, 	83.659996
26, 	0.456689, 	83.979996
27, 	0.454563, 	83.869995
28, 	0.448975, 	84.049995
29, 	0.442714, 	84.439995
30, 	0.440723, 	84.519997
31, 	0.433870, 	84.659996
32, 	0.431087, 	84.559998
33, 	0.426587, 	84.689995
34, 	0.422360, 	84.900002
35, 	0.418992, 	84.979996
36, 	0.415835, 	85.129997
37, 	0.412675, 	85.239998
38, 	0.411244, 	85.159996
39, 	0.407630, 	85.279999
40, 	0.404732, 	85.430000
41, 	0.401100, 	85.650002
42, 	0.399863, 	85.639999
43, 	0.396559, 	85.829994
44, 	0.394586, 	85.860001
45, 	0.391645, 	85.939995
46, 	0.389744, 	86.009995
47, 	0.388039, 	86.180000
48, 	0.386299, 	86.110001
49, 	0.384409, 	86.349998
50, 	0.382140, 	86.419998
