1, 	0.605201, 	84.110001
2, 	0.340580, 	90.129997
3, 	0.288478, 	91.000000
4, 	0.228889, 	93.459999
5, 	0.188036, 	94.309998
6, 	0.164267, 	95.049995
7, 	0.163140, 	94.959999
8, 	0.136758, 	95.619995
9, 	0.133471, 	95.820000
10, 	0.121009, 	96.169998
11, 	0.119929, 	96.399994
12, 	0.114052, 	96.329994
13, 	0.108454, 	96.579994
14, 	0.104996, 	96.680000
15, 	0.100578, 	96.829994
16, 	0.101123, 	96.899994
17, 	0.099403, 	96.959999
18, 	0.098735, 	96.979996
19, 	0.094352, 	96.979996
20, 	0.094324, 	97.099998
21, 	0.092361, 	97.049995
22, 	0.094469, 	97.139999
23, 	0.091967, 	97.220001
24, 	0.090391, 	97.180000
25, 	0.088422, 	97.229996
26, 	0.087355, 	97.259995
27, 	0.087068, 	97.269997
28, 	0.085665, 	97.369995
29, 	0.086809, 	97.299995
30, 	0.085341, 	97.329994
31, 	0.083386, 	97.349998
32, 	0.083556, 	97.389999
33, 	0.081887, 	97.430000
34, 	0.080559, 	97.409996
35, 	0.081048, 	97.479996
36, 	0.080132, 	97.479996
37, 	0.079719, 	97.449997
38, 	0.079935, 	97.489998
39, 	0.078804, 	97.470001
40, 	0.078728, 	97.479996
41, 	0.078434, 	97.459999
42, 	0.078327, 	97.540001
43, 	0.077449, 	97.570000
44, 	0.077594, 	97.489998
45, 	0.076814, 	97.509995
46, 	0.076275, 	97.570000
47, 	0.075906, 	97.619995
48, 	0.075425, 	97.599998
49, 	0.075245, 	97.579994
50, 	0.075065, 	97.570000
