1, 	2.296537, 	10.000000
2, 	2.285742, 	10.000000
3, 	2.268850, 	14.879999
4, 	2.237649, 	25.609999
5, 	2.169361, 	29.299999
6, 	2.003421, 	39.079998
7, 	1.649057, 	58.930000
8, 	1.279315, 	61.299999
9, 	1.067409, 	63.079998
10, 	0.960349, 	64.699997
11, 	0.902905, 	66.400002
12, 	0.867384, 	67.119995
13, 	0.841887, 	68.619995
14, 	0.821046, 	69.839996
15, 	0.803902, 	70.279999
16, 	0.788181, 	71.169998
17, 	0.773945, 	71.689995
18, 	0.761009, 	72.159996
19, 	0.748495, 	72.790001
20, 	0.738710, 	72.869995
21, 	0.726693, 	73.860001
22, 	0.717759, 	74.040001
23, 	0.709350, 	74.479996
24, 	0.702075, 	74.599998
25, 	0.695249, 	74.790001
26, 	0.689356, 	75.019997
27, 	0.683952, 	75.279999
28, 	0.679336, 	75.159996
29, 	0.674329, 	75.629997
30, 	0.670709, 	75.689995
31, 	0.666280, 	75.970001
32, 	0.662803, 	76.040001
33, 	0.658840, 	76.040001
34, 	0.655778, 	76.139999
35, 	0.652111, 	76.470001
36, 	0.649056, 	76.389999
37, 	0.646103, 	76.470001
38, 	0.642752, 	76.739998
39, 	0.639560, 	76.720001
40, 	0.637266, 	76.989998
41, 	0.633787, 	77.059998
42, 	0.631258, 	77.129997
43, 	0.628019, 	77.239998
44, 	0.625602, 	77.369995
45, 	0.623160, 	77.339996
46, 	0.620819, 	77.540001
47, 	0.617488, 	77.619995
48, 	0.615058, 	77.739998
49, 	0.612679, 	77.739998
50, 	0.609527, 	77.930000
