1, 	2.244289, 	26.549999
2, 	2.138024, 	51.649998
3, 	1.868884, 	70.779999
4, 	1.268718, 	78.829994
5, 	0.774155, 	82.479996
6, 	0.568958, 	86.089996
7, 	0.479651, 	87.329994
8, 	0.414907, 	88.689995
9, 	0.382705, 	89.500000
10, 	0.355562, 	90.089996
11, 	0.338339, 	90.500000
12, 	0.319541, 	90.889999
13, 	0.304402, 	91.329994
14, 	0.289188, 	91.629997
15, 	0.287465, 	91.439995
16, 	0.272164, 	91.909996
17, 	0.265571, 	92.369995
18, 	0.252924, 	92.629997
19, 	0.249133, 	93.009995
20, 	0.238519, 	93.070000
21, 	0.230981, 	93.220001
22, 	0.224792, 	93.470001
23, 	0.222335, 	93.379997
24, 	0.218981, 	93.570000
25, 	0.217637, 	93.809998
26, 	0.206543, 	94.089996
27, 	0.199588, 	94.299995
28, 	0.193670, 	94.309998
29, 	0.193128, 	94.299995
30, 	0.188935, 	94.180000
31, 	0.182373, 	94.610001
32, 	0.180992, 	94.739998
33, 	0.178667, 	94.759995
34, 	0.174403, 	94.809998
35, 	0.168306, 	94.989998
36, 	0.166569, 	95.159996
37, 	0.165351, 	95.189995
38, 	0.155849, 	95.269997
39, 	0.154243, 	95.369995
40, 	0.151383, 	95.419998
41, 	0.140371, 	95.869995
42, 	0.140913, 	95.779999
43, 	0.141360, 	95.909996
44, 	0.138051, 	95.899994
45, 	0.132081, 	95.970001
46, 	0.132047, 	96.149994
47, 	0.129436, 	96.070000
48, 	0.126536, 	96.229996
49, 	0.123775, 	96.229996
50, 	0.125890, 	96.139999
