0, 	2.307170, 	9.260000
1, 	2.307170, 	9.260000
1, 	2.308993, 	9.160000
2, 	2.308993, 	9.160000
2, 	2.311193, 	9.080000
3, 	2.311193, 	9.080000
3, 	2.313447, 	8.980000
4, 	2.313447, 	8.980000
4, 	2.315685, 	8.929999
5, 	2.315685, 	8.929999
5, 	2.317603, 	8.969999
6, 	2.317603, 	8.969999
6, 	2.318403, 	9.000000
7, 	2.318403, 	9.000000
7, 	2.319425, 	9.000000
8, 	2.319425, 	9.000000
8, 	2.318286, 	9.190000
9, 	2.318286, 	9.190000
9, 	2.317155, 	9.349999
10, 	2.317155, 	9.349999
10, 	2.315136, 	9.420000
11, 	2.315136, 	9.420000
11, 	2.313158, 	9.700000
12, 	2.313158, 	9.700000
12, 	2.309180, 	10.429999
13, 	2.309180, 	10.429999
13, 	2.305018, 	11.400000
14, 	2.305018, 	11.400000
14, 	2.297927, 	12.549999
15, 	2.297927, 	12.549999
15, 	2.289591, 	14.290000
16, 	2.289591, 	14.290000
16, 	2.281768, 	16.219999
17, 	2.281768, 	16.219999
17, 	2.271253, 	19.289999
18, 	2.271253, 	19.289999
18, 	2.258645, 	22.750000
19, 	2.258645, 	22.750000
19, 	2.244419, 	26.439999
20, 	2.244419, 	26.439999
20, 	2.227570, 	30.230000
21, 	2.227570, 	30.230000
21, 	2.205867, 	34.669998
22, 	2.205867, 	34.669998
22, 	2.179521, 	38.270000
23, 	2.179521, 	38.270000
23, 	2.148702, 	41.570000
24, 	2.148702, 	41.570000
24, 	2.109093, 	45.279999
25, 	2.109093, 	45.279999
25, 	2.060399, 	49.239998
26, 	2.060399, 	49.239998
26, 	2.001581, 	55.079998
27, 	2.001581, 	55.079998
27, 	1.927151, 	62.549999
28, 	1.927151, 	62.549999
28, 	1.836798, 	67.099998
29, 	1.836798, 	67.099998
29, 	1.727219, 	70.049995
30, 	1.727219, 	70.049995
