1, 	2.297029, 	19.340000
2, 	2.287216, 	23.480000
3, 	2.272279, 	25.949999
4, 	2.247319, 	33.399998
5, 	2.196125, 	35.520000
6, 	2.075408, 	40.489998
7, 	1.776904, 	51.369999
8, 	1.358247, 	62.329998
9, 	1.098767, 	63.939999
10, 	0.974167, 	64.919998
11, 	0.909310, 	66.239998
12, 	0.869266, 	67.750000
13, 	0.842017, 	68.599998
14, 	0.821019, 	69.509995
15, 	0.803854, 	70.110001
16, 	0.789085, 	70.860001
17, 	0.776288, 	71.650002
18, 	0.764986, 	72.119995
19, 	0.754474, 	72.559998
20, 	0.745600, 	72.900002
21, 	0.736414, 	73.349998
22, 	0.728983, 	73.610001
23, 	0.720782, 	74.239998
24, 	0.712106, 	74.639999
25, 	0.705699, 	74.959999
26, 	0.698198, 	75.070000
27, 	0.691495, 	75.479996
28, 	0.685799, 	75.699997
29, 	0.679420, 	75.919998
30, 	0.673761, 	76.110001
31, 	0.668834, 	76.250000
32, 	0.663480, 	76.409996
33, 	0.658472, 	76.650002
34, 	0.653773, 	76.820000
35, 	0.649865, 	76.970001
36, 	0.645941, 	77.000000
37, 	0.641470, 	77.199997
38, 	0.638251, 	77.309998
39, 	0.634912, 	77.339996
40, 	0.631441, 	77.549995
41, 	0.628771, 	77.529999
42, 	0.625306, 	77.669998
43, 	0.622412, 	77.759995
44, 	0.619598, 	77.820000
45, 	0.617021, 	77.979996
46, 	0.613960, 	78.059998
47, 	0.611700, 	78.169998
48, 	0.609467, 	78.080002
49, 	0.606513, 	78.150002
50, 	0.604059, 	78.419998
