1, 	2.306207, 	12.780000
2, 	2.306207, 	12.780000
3, 	2.306207, 	12.780000
4, 	2.306207, 	12.780000
5, 	2.306207, 	12.780000
6, 	2.306207, 	12.780000
7, 	2.306207, 	12.780000
8, 	2.306207, 	12.780000
9, 	2.306207, 	12.780000
10, 	2.306207, 	12.780000
11, 	2.306207, 	12.780000
12, 	2.306207, 	12.780000
13, 	2.306207, 	12.780000
14, 	2.306207, 	12.780000
15, 	2.306207, 	12.780000
16, 	2.306207, 	12.780000
17, 	2.306207, 	12.780000
18, 	2.306207, 	12.780000
19, 	2.306207, 	12.780000
20, 	2.306207, 	12.780000
21, 	2.306207, 	12.780000
22, 	2.306207, 	12.780000
23, 	2.306207, 	12.780000
24, 	2.306207, 	12.780000
25, 	2.306207, 	12.780000
26, 	2.306207, 	12.780000
27, 	2.306207, 	12.780000
28, 	2.306207, 	12.780000
29, 	2.306207, 	12.780000
30, 	2.306207, 	12.780000
31, 	2.306207, 	12.780000
32, 	2.306207, 	12.780000
33, 	2.306207, 	12.780000
34, 	2.306207, 	12.780000
35, 	2.306207, 	12.780000
36, 	2.306207, 	12.780000
37, 	2.306207, 	12.780000
38, 	2.306207, 	12.780000
39, 	2.306207, 	12.780000
40, 	2.306207, 	12.780000
41, 	2.306207, 	12.780000
42, 	2.306207, 	12.780000
43, 	2.306207, 	12.780000
44, 	2.306207, 	12.780000
45, 	2.306207, 	12.780000
46, 	2.306207, 	12.780000
47, 	2.306207, 	12.780000
48, 	2.306207, 	12.780000
49, 	2.306207, 	12.780000
50, 	2.306207, 	12.780000
