1, 	0.553936, 	87.360001
2, 	0.298169, 	91.959999
3, 	0.233480, 	93.309998
4, 	0.193869, 	94.399994
5, 	0.163995, 	95.089996
6, 	0.142210, 	95.779999
7, 	0.124570, 	96.279999
8, 	0.110679, 	96.639999
9, 	0.100285, 	96.889999
10, 	0.091167, 	97.199997
11, 	0.084393, 	97.449997
12, 	0.078866, 	97.570000
13, 	0.074310, 	97.729996
14, 	0.070076, 	97.769997
15, 	0.065859, 	97.860001
16, 	0.063432, 	98.009995
17, 	0.060896, 	98.110001
18, 	0.058443, 	98.169998
19, 	0.056795, 	98.209999
20, 	0.054072, 	98.329994
21, 	0.052195, 	98.309998
22, 	0.051213, 	98.349998
23, 	0.049585, 	98.409996
24, 	0.048182, 	98.409996
25, 	0.047037, 	98.470001
26, 	0.046141, 	98.459999
27, 	0.044989, 	98.500000
28, 	0.043572, 	98.529999
29, 	0.042897, 	98.540001
30, 	0.042698, 	98.599998
31, 	0.041573, 	98.579994
32, 	0.041576, 	98.589996
33, 	0.040342, 	98.589996
34, 	0.039574, 	98.570000
35, 	0.039338, 	98.589996
36, 	0.038938, 	98.669998
37, 	0.038822, 	98.579994
38, 	0.037732, 	98.610001
39, 	0.037378, 	98.629997
40, 	0.037333, 	98.669998
41, 	0.036668, 	98.649994
42, 	0.036039, 	98.680000
43, 	0.036400, 	98.649994
44, 	0.035269, 	98.689995
45, 	0.035192, 	98.720001
46, 	0.035044, 	98.680000
47, 	0.034348, 	98.739998
48, 	0.034103, 	98.739998
49, 	0.033776, 	98.729996
50, 	0.033743, 	98.750000
