1, 	1.531875, 	61.189999
2, 	0.836884, 	69.650002
3, 	0.748777, 	72.709999
4, 	0.698403, 	74.729996
5, 	0.664954, 	76.180000
6, 	0.638814, 	76.729996
7, 	0.620826, 	77.470001
8, 	0.606069, 	77.979996
9, 	0.592215, 	78.229996
10, 	0.579135, 	78.939995
11, 	0.569767, 	79.000000
12, 	0.555681, 	79.629997
13, 	0.543435, 	80.269997
14, 	0.532297, 	80.619995
15, 	0.522834, 	81.169998
16, 	0.511633, 	81.680000
17, 	0.504001, 	82.009995
18, 	0.495420, 	82.239998
19, 	0.486349, 	82.709999
20, 	0.479063, 	83.139999
21, 	0.472711, 	83.459999
22, 	0.466778, 	83.589996
23, 	0.459671, 	83.839996
24, 	0.453185, 	83.970001
25, 	0.450153, 	84.209999
26, 	0.444229, 	84.419998
27, 	0.438902, 	84.610001
28, 	0.435783, 	84.739998
29, 	0.430135, 	84.909996
30, 	0.425975, 	85.000000
31, 	0.423082, 	85.139999
32, 	0.422678, 	84.949997
33, 	0.415470, 	85.309998
34, 	0.413297, 	85.329994
35, 	0.409971, 	85.439995
36, 	0.406686, 	85.599998
37, 	0.406558, 	85.529999
38, 	0.401555, 	85.790001
39, 	0.398892, 	85.779999
40, 	0.397663, 	85.779999
41, 	0.394393, 	85.989998
42, 	0.392026, 	85.879997
43, 	0.390230, 	86.009995
44, 	0.388004, 	86.139999
45, 	0.386275, 	86.150002
46, 	0.383731, 	86.309998
47, 	0.381783, 	86.360001
48, 	0.379358, 	86.449997
49, 	0.377685, 	86.629997
50, 	0.376086, 	86.579994
