1, 	2.245199, 	27.019999
2, 	2.137983, 	49.899998
3, 	1.869211, 	70.879997
4, 	1.264199, 	77.869995
5, 	0.768541, 	82.939995
6, 	0.565984, 	86.239998
7, 	0.469063, 	87.970001
8, 	0.413895, 	88.939995
9, 	0.377006, 	89.659996
10, 	0.350658, 	90.220001
11, 	0.329557, 	90.649994
12, 	0.312128, 	91.089996
13, 	0.297362, 	91.589996
14, 	0.284460, 	91.869995
15, 	0.272965, 	92.189995
16, 	0.262648, 	92.479996
17, 	0.253213, 	92.649994
18, 	0.244549, 	92.949997
19, 	0.236444, 	93.159996
20, 	0.229108, 	93.449997
21, 	0.221650, 	93.619995
22, 	0.215120, 	93.869995
23, 	0.208955, 	94.019997
24, 	0.202314, 	94.169998
25, 	0.196741, 	94.379997
26, 	0.191485, 	94.479996
27, 	0.186435, 	94.589996
28, 	0.181073, 	94.720001
29, 	0.176101, 	94.869995
30, 	0.171671, 	94.989998
31, 	0.167001, 	95.149994
32, 	0.162863, 	95.279999
33, 	0.158841, 	95.470001
34, 	0.154969, 	95.540001
35, 	0.151158, 	95.599998
36, 	0.147836, 	95.729996
37, 	0.144313, 	95.720001
38, 	0.140932, 	95.790001
39, 	0.137863, 	95.860001
40, 	0.134543, 	95.939995
41, 	0.131821, 	96.079994
42, 	0.129188, 	96.169998
43, 	0.126490, 	96.239998
44, 	0.123862, 	96.290001
45, 	0.121278, 	96.349998
46, 	0.118927, 	96.369995
47, 	0.116601, 	96.430000
48, 	0.114329, 	96.470001
49, 	0.112277, 	96.509995
50, 	0.110171, 	96.589996
