1, 	2.296535, 	10.000000
2, 	2.285786, 	10.000000
3, 	2.268986, 	14.990000
4, 	2.237990, 	25.519999
5, 	2.170458, 	29.080000
6, 	2.006655, 	37.730000
7, 	1.655109, 	59.230000
8, 	1.284151, 	61.309998
9, 	1.070129, 	63.059998
10, 	0.962042, 	64.689995
11, 	0.904121, 	66.299995
12, 	0.868216, 	67.139999
13, 	0.843004, 	68.540001
14, 	0.822103, 	69.629997
15, 	0.804883, 	70.220001
16, 	0.789500, 	71.110001
17, 	0.775665, 	71.449997
18, 	0.762450, 	72.040001
19, 	0.749897, 	72.720001
20, 	0.739819, 	72.809998
21, 	0.728008, 	73.809998
22, 	0.718881, 	74.070000
23, 	0.710641, 	74.400002
24, 	0.703477, 	74.489998
25, 	0.696834, 	74.659996
26, 	0.690612, 	75.099998
27, 	0.685368, 	75.239998
28, 	0.680651, 	75.209999
29, 	0.675826, 	75.650002
30, 	0.672404, 	75.650002
31, 	0.668228, 	75.869995
32, 	0.664781, 	75.930000
33, 	0.660725, 	75.930000
34, 	0.657741, 	76.150002
35, 	0.653964, 	76.269997
36, 	0.650944, 	76.459999
37, 	0.648321, 	76.320000
38, 	0.644986, 	76.580002
39, 	0.642027, 	76.639999
40, 	0.639856, 	76.790001
41, 	0.636568, 	76.809998
42, 	0.634171, 	76.900002
43, 	0.631213, 	77.059998
44, 	0.628836, 	77.229996
45, 	0.626577, 	77.220001
46, 	0.623931, 	77.199997
47, 	0.620810, 	77.479996
48, 	0.618484, 	77.519997
49, 	0.615837, 	77.650002
50, 	0.612873, 	77.669998
