1, 	2.295806, 	13.559999
2, 	2.285694, 	15.759999
3, 	2.269617, 	19.490000
4, 	2.246243, 	26.670000
5, 	2.213495, 	39.750000
6, 	2.168288, 	44.750000
7, 	2.104960, 	49.789997
8, 	2.013494, 	57.259998
9, 	1.878619, 	63.369999
10, 	1.683524, 	68.309998
11, 	1.423733, 	71.720001
12, 	1.132091, 	73.680000
13, 	0.878139, 	75.439995
14, 	0.709982, 	77.299995
15, 	0.619922, 	79.229996
16, 	0.578024, 	81.239998
17, 	0.561351, 	82.779999
18, 	0.557784, 	84.239998
19, 	0.558523, 	85.379997
20, 	0.556518, 	86.099998
21, 	0.547688, 	86.979996
22, 	0.533256, 	87.919998
23, 	0.515977, 	88.400002
24, 	0.496083, 	89.099998
25, 	0.475047, 	89.489998
26, 	0.452126, 	89.689995
27, 	0.426879, 	90.040001
28, 	0.399771, 	90.299995
29, 	0.372100, 	90.529999
30, 	0.346068, 	90.909996
31, 	0.322678, 	91.290001
32, 	0.301947, 	91.699997
33, 	0.284185, 	91.869995
34, 	0.269487, 	92.159996
35, 	0.257478, 	92.509995
36, 	0.247231, 	92.799995
37, 	0.238025, 	93.029999
38, 	0.229524, 	93.259995
39, 	0.221535, 	93.379997
40, 	0.213892, 	93.570000
41, 	0.206858, 	93.739998
42, 	0.200519, 	93.909996
43, 	0.194869, 	94.040001
44, 	0.189780, 	94.239998
45, 	0.185050, 	94.449997
46, 	0.180568, 	94.509995
47, 	0.176234, 	94.559998
48, 	0.171932, 	94.779999
49, 	0.167699, 	94.939995
50, 	0.163506, 	95.119995
