1, 	2.244262, 	25.799999
2, 	2.135955, 	44.709999
3, 	2.180132, 	27.939999
4, 	2.247090, 	19.840000
5, 	1.865288, 	65.430000
6, 	1.226896, 	74.150002
7, 	0.779944, 	80.809998
8, 	0.885828, 	74.489998
9, 	0.627356, 	82.650002
10, 	0.523184, 	85.720001
11, 	0.466600, 	86.909996
12, 	0.679560, 	78.309998
13, 	1.374936, 	54.539997
14, 	3.357364, 	31.849998
15, 	0.616003, 	81.909996
16, 	0.928882, 	69.389999
17, 	0.598476, 	81.820000
18, 	0.504924, 	84.879997
19, 	0.803682, 	73.409996
20, 	2.351844, 	39.399998
21, 	0.607814, 	81.379997
22, 	0.522272, 	84.619995
23, 	1.000961, 	68.409996
24, 	3.107164, 	39.209999
25, 	0.629512, 	80.419998
26, 	0.539773, 	83.790001
27, 	0.486211, 	85.739998
28, 	0.942224, 	70.900002
29, 	0.556632, 	83.119995
30, 	2.010973, 	50.980000
31, 	0.586169, 	82.299995
32, 	1.892558, 	56.230000
33, 	5.512425, 	34.480000
34, 	0.690713, 	78.779999
35, 	2.249799, 	53.959999
36, 	6.684043, 	28.759998
37, 	10.545555, 	21.529999
38, 	0.761059, 	78.570000
39, 	0.595895, 	83.009995
40, 	0.524060, 	84.739998
41, 	0.460594, 	86.720001
42, 	0.424762, 	87.329994
43, 	1.132362, 	67.000000
44, 	10.956730, 	25.180000
45, 	21.685275, 	18.119999
46, 	27.703386, 	17.559999
47, 	0.661754, 	80.379997
48, 	0.545059, 	84.209999
49, 	4.660998, 	35.509998
50, 	27.248645, 	13.219999
