1, 	1.771904, 	55.770000
2, 	0.928501, 	66.110001
3, 	0.839163, 	68.659996
4, 	0.799047, 	71.199997
5, 	0.768728, 	72.180000
6, 	0.753362, 	73.110001
7, 	0.731704, 	74.129997
8, 	0.714511, 	74.799995
9, 	0.699773, 	74.949997
10, 	0.688319, 	75.669998
11, 	0.678987, 	76.309998
12, 	0.669179, 	76.540001
13, 	0.664454, 	76.549995
14, 	0.659684, 	76.320000
15, 	0.648867, 	76.379997
16, 	0.628619, 	77.189995
17, 	0.613305, 	77.889999
18, 	0.598145, 	78.430000
19, 	0.584377, 	78.750000
20, 	0.569442, 	79.220001
21, 	0.555532, 	79.750000
22, 	0.545819, 	80.220001
23, 	0.533476, 	80.939995
24, 	0.525204, 	81.119995
25, 	0.516819, 	81.430000
26, 	0.507642, 	81.879997
27, 	0.499992, 	82.119995
28, 	0.493529, 	82.220001
29, 	0.485124, 	82.579994
30, 	0.480952, 	82.699997
31, 	0.472316, 	83.049995
32, 	0.467565, 	83.250000
33, 	0.461637, 	83.650002
34, 	0.456549, 	83.889999
35, 	0.452910, 	84.049995
36, 	0.447576, 	84.199997
37, 	0.444189, 	84.089996
38, 	0.439745, 	84.419998
39, 	0.436810, 	84.489998
40, 	0.434393, 	84.470001
41, 	0.429792, 	84.739998
42, 	0.427205, 	84.790001
43, 	0.423619, 	84.959999
44, 	0.420468, 	85.029999
45, 	0.418151, 	85.159996
46, 	0.414955, 	85.309998
47, 	0.412666, 	85.549995
48, 	0.410660, 	85.379997
49, 	0.407261, 	85.599998
50, 	0.405506, 	85.669998
