1, 	2.324534, 	7.070000
2, 	2.361848, 	2.920000
3, 	2.406416, 	1.620000
4, 	2.429495, 	2.890000
5, 	2.440541, 	6.240000
6, 	2.466903, 	8.660000
7, 	2.502464, 	8.980000
8, 	2.548126, 	9.929999
9, 	2.606016, 	10.000000
10, 	2.689331, 	10.000000
11, 	2.842778, 	10.000000
12, 	3.006797, 	10.000000
13, 	3.188192, 	10.000000
14, 	3.621158, 	10.000000
15, 	4.288178, 	9.929999
16, 	5.134358, 	9.900000
17, 	5.614077, 	9.900000
18, 	6.320169, 	9.940000
19, 	5.611574, 	13.339999
20, 	6.437823, 	16.330000
21, 	5.064018, 	24.379999
22, 	7.451430, 	20.350000
23, 	6.687012, 	24.539999
24, 	8.348093, 	22.469999
25, 	9.037631, 	22.879999
26, 	8.608317, 	24.219999
27, 	11.964185, 	21.269999
28, 	4.696807, 	30.109999
29, 	19.075029, 	17.340000
30, 	3.193246, 	34.209999
31, 	26.671046, 	15.500000
32, 	3.073090, 	33.419998
33, 	28.890579, 	17.039999
34, 	3.955557, 	30.359999
35, 	33.433758, 	17.369999
36, 	3.557670, 	28.000000
37, 	31.568892, 	18.990000
38, 	4.165454, 	27.289999
39, 	42.455243, 	18.039999
40, 	4.619960, 	26.340000
41, 	38.432633, 	18.619999
42, 	6.719461, 	25.000000
43, 	25.924500, 	22.389999
44, 	17.686655, 	22.260000
45, 	24.638739, 	21.750000
46, 	27.254691, 	21.139999
47, 	18.539630, 	21.670000
48, 	22.793523, 	20.549999
49, 	27.205368, 	18.600000
50, 	24.857034, 	18.709999
