1, 	2.302286, 	14.130000
2, 	2.302286, 	14.130000
3, 	2.302286, 	14.130000
4, 	2.302286, 	14.130000
5, 	2.302286, 	14.130000
6, 	2.302286, 	14.130000
7, 	2.302286, 	14.130000
8, 	2.302286, 	14.130000
9, 	2.302286, 	14.130000
10, 	2.302286, 	14.130000
11, 	2.302286, 	14.130000
12, 	2.302286, 	14.130000
13, 	2.302286, 	14.130000
14, 	2.302286, 	14.130000
15, 	2.302286, 	14.130000
16, 	2.302286, 	14.130000
17, 	2.302286, 	14.130000
18, 	2.302286, 	14.130000
19, 	2.302286, 	14.130000
20, 	2.302286, 	14.130000
21, 	2.302286, 	14.130000
22, 	2.302286, 	14.130000
23, 	2.302286, 	14.130000
24, 	2.302286, 	14.130000
25, 	2.302286, 	14.130000
26, 	2.302286, 	14.130000
27, 	2.302286, 	14.130000
28, 	2.302286, 	14.130000
29, 	2.302286, 	14.130000
30, 	2.302286, 	14.130000
31, 	2.302286, 	14.130000
32, 	2.302286, 	14.130000
33, 	2.302286, 	14.130000
34, 	2.302286, 	14.130000
35, 	2.302286, 	14.130000
36, 	2.302286, 	14.130000
37, 	2.302286, 	14.130000
38, 	2.302286, 	14.130000
39, 	2.302286, 	14.130000
40, 	2.302286, 	14.130000
41, 	2.302286, 	14.130000
42, 	2.302286, 	14.130000
43, 	2.302286, 	14.130000
44, 	2.302286, 	14.130000
45, 	2.302286, 	14.130000
46, 	2.302286, 	14.130000
47, 	2.302286, 	14.130000
48, 	2.302286, 	14.130000
49, 	2.302286, 	14.130000
50, 	2.302286, 	14.130000
