0, 	0.898919, 	76.350006
1, 	0.493800, 	86.050003
2, 	0.384854, 	88.700005
3, 	0.332776, 	90.950005
4, 	0.309654, 	91.700005
5, 	0.288531, 	92.100006
6, 	0.276482, 	92.700005
7, 	0.261855, 	93.300003
8, 	0.257397, 	93.450005
9, 	0.256097, 	93.400002
10, 	0.248225, 	93.600006
11, 	0.242602, 	93.700005
12, 	0.239664, 	93.850006
13, 	0.237867, 	93.800003
14, 	0.230404, 	93.900002
15, 	0.227635, 	94.000008
16, 	0.226004, 	94.150002
17, 	0.221896, 	94.250008
18, 	0.219817, 	94.300003
19, 	0.219647, 	94.300003
20, 	0.217818, 	94.450005
21, 	0.216422, 	94.650002
22, 	0.214106, 	94.800003
23, 	0.211093, 	94.750008
24, 	0.209940, 	94.850006
25, 	0.209232, 	94.700005
26, 	0.207910, 	94.900002
27, 	0.206906, 	94.900002
28, 	0.205544, 	94.950005
29, 	0.203624, 	94.950005
