1, 	2.254171, 	22.910000
2, 	2.169905, 	45.009998
3, 	1.973115, 	65.589996
4, 	1.494698, 	75.549995
5, 	0.924434, 	80.579994
6, 	0.655080, 	84.529999
7, 	0.533626, 	86.699997
8, 	0.467601, 	87.759995
9, 	0.426732, 	88.529999
10, 	0.399333, 	89.000000
11, 	0.379138, 	89.379997
12, 	0.362922, 	89.769997
13, 	0.350509, 	90.099998
14, 	0.339916, 	90.339996
15, 	0.330739, 	90.529999
16, 	0.323476, 	90.729996
17, 	0.316422, 	90.849998
18, 	0.310078, 	91.059998
19, 	0.304377, 	91.139999
20, 	0.299048, 	91.369995
21, 	0.293678, 	91.669998
22, 	0.289195, 	91.649994
23, 	0.285467, 	91.820000
24, 	0.281394, 	91.919998
25, 	0.278069, 	91.979996
26, 	0.274367, 	92.040001
27, 	0.270839, 	92.119995
28, 	0.268304, 	92.229996
29, 	0.265179, 	92.290001
30, 	0.262471, 	92.269997
31, 	0.258474, 	92.389999
32, 	0.255121, 	92.559998
33, 	0.252568, 	92.629997
34, 	0.250333, 	92.659996
35, 	0.248667, 	92.720001
36, 	0.246527, 	92.820000
37, 	0.243281, 	92.919998
38, 	0.240853, 	92.899994
39, 	0.238348, 	92.919998
40, 	0.235149, 	93.110001
41, 	0.233433, 	93.180000
42, 	0.231533, 	93.220001
43, 	0.229854, 	93.299995
44, 	0.227254, 	93.320000
45, 	0.225245, 	93.309998
46, 	0.223689, 	93.399994
47, 	0.221019, 	93.489998
48, 	0.219223, 	93.529999
49, 	0.216970, 	93.649994
50, 	0.215530, 	93.610001
