1, 	2.303972, 	10.880000
2, 	2.303972, 	10.880000
3, 	2.303972, 	10.880000
4, 	2.303972, 	10.880000
5, 	2.303972, 	10.880000
6, 	2.303972, 	10.880000
7, 	2.303972, 	10.880000
8, 	2.303972, 	10.880000
9, 	2.303972, 	10.880000
10, 	2.303972, 	10.880000
11, 	2.303972, 	10.880000
12, 	2.303972, 	10.880000
13, 	2.303972, 	10.880000
14, 	2.303972, 	10.880000
15, 	2.303972, 	10.880000
16, 	2.303972, 	10.880000
17, 	2.303972, 	10.880000
18, 	2.303972, 	10.880000
19, 	2.303972, 	10.880000
20, 	2.303972, 	10.880000
21, 	2.303972, 	10.880000
22, 	2.303972, 	10.880000
23, 	2.303972, 	10.880000
24, 	2.303972, 	10.880000
25, 	2.303972, 	10.880000
26, 	2.303972, 	10.880000
27, 	2.303972, 	10.880000
28, 	2.303972, 	10.880000
29, 	2.303972, 	10.880000
30, 	2.303972, 	10.880000
31, 	2.303972, 	10.880000
32, 	2.303972, 	10.880000
33, 	2.303972, 	10.880000
34, 	2.303972, 	10.880000
35, 	2.303972, 	10.880000
36, 	2.303972, 	10.880000
37, 	2.303972, 	10.880000
38, 	2.303972, 	10.880000
39, 	2.303972, 	10.880000
40, 	2.303972, 	10.880000
41, 	2.303972, 	10.880000
42, 	2.303972, 	10.880000
43, 	2.303972, 	10.880000
44, 	2.303972, 	10.880000
45, 	2.303972, 	10.880000
46, 	2.303972, 	10.880000
47, 	2.303972, 	10.880000
48, 	2.303972, 	10.880000
49, 	2.303972, 	10.880000
50, 	2.303972, 	10.880000
