1, 	0.588488, 	86.540001
2, 	0.347376, 	89.989998
3, 	0.286720, 	91.689995
4, 	0.252488, 	92.589996
5, 	0.231510, 	93.059998
6, 	0.216766, 	93.449997
7, 	0.211616, 	93.689995
8, 	0.207774, 	93.729996
9, 	0.199950, 	93.889999
10, 	0.195206, 	94.009995
11, 	0.187682, 	94.189995
12, 	0.176201, 	94.579994
13, 	0.163207, 	94.809998
14, 	0.137538, 	95.720001
15, 	0.126470, 	96.149994
16, 	0.113714, 	96.579994
17, 	0.103951, 	96.860001
18, 	0.094474, 	97.159996
19, 	0.088884, 	97.309998
20, 	0.083956, 	97.529999
21, 	0.078763, 	97.649994
22, 	0.075678, 	97.739998
23, 	0.072417, 	97.809998
24, 	0.069654, 	97.820000
25, 	0.067092, 	97.879997
26, 	0.064483, 	98.019997
27, 	0.062912, 	98.019997
28, 	0.060450, 	98.119995
29, 	0.059010, 	98.110001
30, 	0.057781, 	98.149994
31, 	0.056126, 	98.180000
32, 	0.054821, 	98.259995
33, 	0.054057, 	98.269997
34, 	0.052276, 	98.279999
35, 	0.051256, 	98.329994
36, 	0.050338, 	98.299995
37, 	0.049344, 	98.379997
38, 	0.048001, 	98.409996
39, 	0.047094, 	98.430000
40, 	0.046493, 	98.439995
41, 	0.045916, 	98.459999
42, 	0.045247, 	98.559998
43, 	0.045165, 	98.559998
44, 	0.044145, 	98.529999
45, 	0.044172, 	98.519997
46, 	0.043425, 	98.570000
47, 	0.042704, 	98.579994
48, 	0.042043, 	98.570000
49, 	0.041736, 	98.599998
50, 	0.040924, 	98.649994
