1, 	2.250764, 	24.519999
2, 	2.158463, 	47.500000
3, 	1.937936, 	68.009995
4, 	1.412338, 	76.389999
5, 	0.862421, 	81.309998
6, 	0.619585, 	85.139999
7, 	0.508189, 	87.189995
8, 	0.446571, 	88.259995
9, 	0.407527, 	88.939995
10, 	0.380538, 	89.389999
11, 	0.360110, 	89.809998
12, 	0.343595, 	90.339996
13, 	0.330307, 	90.639999
14, 	0.318855, 	90.839996
15, 	0.308850, 	91.059998
16, 	0.299929, 	91.309998
17, 	0.292179, 	91.540001
18, 	0.284943, 	91.759995
19, 	0.278187, 	91.989998
20, 	0.272409, 	92.159996
21, 	0.266744, 	92.369995
22, 	0.261436, 	92.459999
23, 	0.256715, 	92.579994
24, 	0.251755, 	92.689995
25, 	0.247336, 	92.889999
26, 	0.243239, 	92.979996
27, 	0.239504, 	93.049995
28, 	0.235773, 	93.209999
29, 	0.232101, 	93.299995
30, 	0.228720, 	93.369995
31, 	0.225331, 	93.549995
32, 	0.222036, 	93.579994
33, 	0.218928, 	93.689995
34, 	0.216103, 	93.750000
35, 	0.213397, 	93.860001
36, 	0.210935, 	93.930000
37, 	0.208318, 	94.040001
38, 	0.205851, 	94.079994
39, 	0.203352, 	94.119995
40, 	0.200842, 	94.169998
41, 	0.198317, 	94.220001
42, 	0.196348, 	94.239998
43, 	0.193941, 	94.309998
44, 	0.191797, 	94.360001
45, 	0.189915, 	94.409996
46, 	0.187935, 	94.439995
47, 	0.185722, 	94.519997
48, 	0.183866, 	94.570000
49, 	0.182216, 	94.619995
50, 	0.180492, 	94.680000
