1, 	2.317184, 	14.710000
2, 	2.317184, 	14.710000
3, 	2.317184, 	14.710000
4, 	2.317184, 	14.710000
5, 	2.317184, 	14.710000
6, 	2.317184, 	14.710000
7, 	2.317184, 	14.710000
8, 	2.317184, 	14.710000
9, 	2.317184, 	14.710000
10, 	2.317184, 	14.710000
11, 	2.317184, 	14.710000
12, 	2.317184, 	14.710000
13, 	2.317184, 	14.710000
14, 	2.317184, 	14.710000
15, 	2.317184, 	14.710000
16, 	2.317184, 	14.710000
17, 	2.317184, 	14.710000
18, 	2.317184, 	14.710000
19, 	2.317184, 	14.710000
20, 	2.317184, 	14.710000
21, 	2.317184, 	14.710000
22, 	2.317184, 	14.710000
23, 	2.317184, 	14.710000
24, 	2.317184, 	14.710000
25, 	2.317184, 	14.710000
26, 	2.317184, 	14.710000
27, 	2.317184, 	14.710000
28, 	2.317184, 	14.710000
29, 	2.317184, 	14.710000
30, 	2.317184, 	14.710000
31, 	2.317184, 	14.710000
32, 	2.317184, 	14.710000
33, 	2.317184, 	14.710000
34, 	2.317184, 	14.710000
35, 	2.317184, 	14.710000
36, 	2.317184, 	14.710000
37, 	2.317184, 	14.710000
38, 	2.317184, 	14.710000
39, 	2.317184, 	14.710000
40, 	2.317184, 	14.710000
41, 	2.317184, 	14.710000
42, 	2.317184, 	14.710000
43, 	2.317184, 	14.710000
44, 	2.317184, 	14.710000
45, 	2.317184, 	14.710000
46, 	2.317184, 	14.710000
47, 	2.317184, 	14.710000
48, 	2.317184, 	14.710000
49, 	2.317184, 	14.710000
50, 	2.317184, 	14.710000
