1, 	2.245421, 	26.000000
2, 	2.138492, 	49.299999
3, 	1.870153, 	70.040001
4, 	1.266557, 	77.689995
5, 	0.771362, 	82.470001
6, 	0.566618, 	86.400002
7, 	0.470330, 	87.779999
8, 	0.413882, 	88.900002
9, 	0.377108, 	89.559998
10, 	0.350025, 	90.099998
11, 	0.329721, 	90.559998
12, 	0.311806, 	91.009995
13, 	0.296586, 	91.549995
14, 	0.284098, 	91.849998
15, 	0.273280, 	92.189995
16, 	0.262757, 	92.430000
17, 	0.253603, 	92.649994
18, 	0.244357, 	93.019997
19, 	0.237205, 	93.269997
20, 	0.229561, 	93.379997
21, 	0.222698, 	93.529999
22, 	0.216023, 	93.750000
23, 	0.209997, 	93.919998
24, 	0.204204, 	94.149994
25, 	0.198568, 	94.309998
26, 	0.192906, 	94.479996
27, 	0.187313, 	94.549995
28, 	0.182607, 	94.629997
29, 	0.177899, 	94.809998
30, 	0.173570, 	94.919998
31, 	0.169171, 	95.079994
32, 	0.165120, 	95.180000
33, 	0.161186, 	95.339996
34, 	0.157068, 	95.439995
35, 	0.153669, 	95.549995
36, 	0.149366, 	95.680000
37, 	0.145858, 	95.769997
38, 	0.142653, 	95.860001
39, 	0.139334, 	95.909996
40, 	0.136707, 	95.959999
41, 	0.133584, 	96.019997
42, 	0.131300, 	96.129997
43, 	0.128588, 	96.149994
44, 	0.125860, 	96.229996
45, 	0.123282, 	96.259995
46, 	0.121000, 	96.430000
47, 	0.118794, 	96.439995
48, 	0.116670, 	96.500000
49, 	0.114387, 	96.540001
50, 	0.112100, 	96.579994
