1, 	2.389586, 	2.430000
2, 	2.773038, 	1.510000
3, 	3.809113, 	0.900000
4, 	4.780830, 	0.740000
5, 	6.857577, 	2.340000
6, 	11.343147, 	7.430000
7, 	18.059406, 	10.090000
8, 	28.258693, 	10.090000
9, 	42.175927, 	10.090000
10, 	58.655394, 	2.090000
11, 	84.086204, 	5.940000
12, 	112.728387, 	8.460000
13, 	118.739353, 	8.920000
14, 	94.638079, 	8.920000
15, 	122.207980, 	8.920000
16, 	43.976750, 	8.920000
17, 	386.799250, 	8.920000
18, 	27.212977, 	8.920000
19, 	125.695330, 	8.920000
20, 	191.011452, 	8.920000
21, 	187.528584, 	8.920000
22, 	464.508418, 	8.920000
23, 	120.052932, 	8.920000
24, 	551.232524, 	8.920000
25, 	15.605630, 	8.940000
26, 	1231.566603, 	8.920000
27, 	44.506263, 	8.940000
28, 	970.464355, 	8.920000
29, 	7.828329, 	11.870000
30, 	1455.404786, 	8.920000
31, 	34.775927, 	9.570000
32, 	4741.424316, 	8.920000
33, 	3.219584, 	10.090000
34, 	2.853755, 	10.090000
35, 	1246.082251, 	10.090000
36, 	34472.499411, 	10.090000
37, 	3.477179, 	10.090000
38, 	9994.901279, 	10.090000
39, 	12078.431891, 	11.520000
40, 	1153.288331, 	8.440000
41, 	18378.991251, 	7.960000
42, 	73.120729, 	7.200000
43, 	38683.017041, 	9.590000
44, 	3.902568, 	8.920000
45, 	21142.856213, 	5.340000
46, 	60783981085.695999, 	10.280000
