0, 	2.269465, 	17.680000
1, 	2.195408, 	22.609999
2, 	2.114772, 	23.969999
3, 	2.368495, 	15.710000
4, 	2.185189, 	22.840000
5, 	2.237948, 	18.809999
6, 	2.646447, 	16.859999
7, 	2.410120, 	17.389999
8, 	2.444632, 	17.680000
9, 	2.273745, 	20.820000
10, 	2.324463, 	19.639999
11, 	2.224381, 	23.289999
12, 	2.272929, 	20.469999
13, 	2.166569, 	24.269999
14, 	2.207375, 	22.369999
15, 	2.111767, 	24.879999
16, 	2.151429, 	24.980000
17, 	2.069029, 	25.580000
18, 	2.090174, 	27.189999
19, 	2.022126, 	27.189999
20, 	2.066319, 	27.459999
21, 	1.993608, 	28.459999
22, 	2.039292, 	27.709999
23, 	1.966545, 	28.849998
24, 	2.047833, 	27.500000
25, 	1.964815, 	29.599998
26, 	2.072117, 	27.369999
27, 	2.016832, 	27.320000
28, 	2.114005, 	28.629999
29, 	2.081892, 	26.639999
0, 	2.228707, 	18.889999
1, 	2.022258, 	24.980000
