0, 	2.266171, 	14.700000
1, 	2.150124, 	21.699999
2, 	2.686271, 	15.509999
3, 	2.171144, 	18.770000
4, 	2.088130, 	20.820000
5, 	2.469800, 	21.240000
6, 	2.278768, 	15.919999
7, 	2.219551, 	20.709999
8, 	2.226726, 	21.340000
9, 	2.243677, 	21.150000
10, 	2.732592, 	19.219999
11, 	2.276400, 	18.219999
12, 	2.304411, 	22.279999
13, 	2.523691, 	21.320000
14, 	2.430662, 	17.559999
15, 	2.093127, 	25.480000
16, 	2.527039, 	23.820000
17, 	2.146239, 	22.100000
18, 	2.135865, 	30.509998
19, 	2.361680, 	18.369999
20, 	2.055249, 	29.719999
21, 	2.192823, 	22.849998
22, 	2.094304, 	29.809999
23, 	2.242698, 	25.879999
24, 	2.256510, 	27.400000
25, 	2.422079, 	23.930000
26, 	2.105002, 	29.109999
27, 	2.464154, 	27.900000
28, 	2.747394, 	23.559999
29, 	2.223878, 	32.590000
