0, 	2.300201, 	12.460000
1, 	2.297703, 	13.559999
2, 	2.295080, 	14.700000
3, 	2.292248, 	15.070000
4, 	2.289127, 	15.379999
5, 	2.285608, 	15.799999
6, 	2.281596, 	16.389999
7, 	2.276962, 	16.779999
8, 	2.271585, 	17.100000
9, 	2.265307, 	17.619999
10, 	2.257990, 	18.309999
11, 	2.249499, 	18.879999
12, 	2.239733, 	19.340000
13, 	2.228636, 	20.590000
14, 	2.216240, 	21.789999
15, 	2.202667, 	22.820000
16, 	2.188176, 	23.629999
17, 	2.173119, 	24.199999
18, 	2.157890, 	24.510000
19, 	2.142848, 	24.730000
20, 	2.128285, 	25.170000
21, 	2.114367, 	25.359999
22, 	2.101179, 	25.559999
23, 	2.088682, 	25.849998
24, 	2.076813, 	26.010000
25, 	2.065474, 	26.539999
26, 	2.054591, 	26.879999
27, 	2.044050, 	27.230000
28, 	2.033814, 	27.609999
29, 	2.023807, 	28.029999
