1, 	2.416205, 	1.020000
2, 	5.225248, 	3.260000
3, 	17.532852, 	1.530000
4, 	38.205750, 	8.920000
5, 	84.048821, 	8.920000
6, 	186.353612, 	9.469999
7, 	425.681186, 	7.640000
8, 	867.778859, 	8.920000
9, 	1226.731200, 	8.920000
10, 	1525.218491, 	8.920000
11, 	1612.897349, 	8.920000
12, 	3561.188326, 	8.920000
13, 	404.492867, 	9.580000
14, 	8137.324742, 	9.580000
15, 	329.067986, 	6.740000
16, 	28362.659972, 	10.099999
17, 	5.689514, 	10.090000
18, 	970.222157, 	10.090000
19, 	26282.622889, 	10.090000
20, 	3979.644101, 	10.090000
21, 	4832.447595, 	10.090000
22, 	45490.644976, 	10.090000
23, 	152949055.344950, 	10.090000
24, 	46469780262.988800, 	11.349999
25, 	7.672119, 	9.580000
26, 	12183558896.354000, 	8.920000
27, 	783299899541676672.000000, 	9.800000
