1, 	0.850186, 	83.279999
2, 	0.467492, 	88.599998
3, 	0.389758, 	89.729996
4, 	0.380110, 	89.250000
5, 	0.373061, 	89.119995
6, 	0.396788, 	88.169998
7, 	0.434878, 	86.709999
8, 	0.517803, 	83.709999
9, 	0.583896, 	81.579994
10, 	0.638898, 	79.589996
11, 	0.755060, 	75.729996
12, 	0.826320, 	73.589996
13, 	0.910286, 	71.709999
14, 	0.954869, 	70.330002
15, 	0.969618, 	70.259995
16, 	1.036927, 	69.259995
17, 	1.028075, 	70.159996
18, 	1.124865, 	68.540001
19, 	1.287079, 	65.599998
20, 	1.476501, 	62.949997
21, 	1.587313, 	61.109997
22, 	1.877699, 	57.439999
23, 	2.173114, 	54.099998
24, 	2.504697, 	50.939999
25, 	3.234639, 	45.480000
26, 	3.321409, 	46.009998
27, 	3.840987, 	43.849998
28, 	4.159199, 	42.759998
29, 	4.572142, 	42.669998
30, 	5.310924, 	40.579998
31, 	6.442866, 	37.119999
32, 	7.177106, 	34.969997
33, 	6.223116, 	37.020000
34, 	7.933515, 	32.540001
35, 	7.826137, 	34.110001
36, 	9.130327, 	31.080000
37, 	8.309528, 	34.930000
38, 	9.924635, 	32.270000
39, 	8.071929, 	36.910000
40, 	11.073882, 	31.019999
41, 	11.404831, 	31.209999
42, 	15.278769, 	26.070000
43, 	10.046844, 	33.899998
44, 	13.857700, 	29.330000
45, 	13.266396, 	31.340000
46, 	12.413320, 	33.680000
47, 	16.439850, 	28.779999
48, 	16.215457, 	30.129999
49, 	14.799989, 	33.259998
50, 	21.614203, 	27.389999
