0, 	2.297135, 	10.800000
1, 	2.289569, 	17.340000
2, 	2.281645, 	26.830000
3, 	2.272063, 	29.250000
4, 	2.259761, 	29.160000
5, 	2.242991, 	29.949999
6, 	2.219308, 	44.250000
7, 	2.184500, 	47.639999
8, 	2.130784, 	44.669998
9, 	2.046618, 	48.119999
10, 	1.913159, 	48.250000
11, 	1.719568, 	54.090000
12, 	1.498219, 	58.359997
13, 	1.306746, 	62.009998
14, 	1.167713, 	63.000000
15, 	1.071174, 	63.439999
16, 	1.005738, 	64.540001
17, 	0.958489, 	65.119995
18, 	0.922135, 	66.809998
19, 	0.895005, 	67.669998
20, 	0.874816, 	68.139999
21, 	0.857371, 	68.199997
22, 	0.845262, 	69.400002
23, 	0.827720, 	69.589996
24, 	0.815755, 	69.739998
25, 	0.807391, 	70.449997
26, 	0.795749, 	70.639999
27, 	0.784941, 	71.110001
28, 	0.778162, 	71.389999
29, 	0.770034, 	71.629997
