0, 	0.688525, 	83.450005
1, 	0.395887, 	90.150002
2, 	0.323231, 	91.800003
3, 	0.287064, 	93.100006
4, 	0.261135, 	93.500008
5, 	0.250279, 	94.100006
6, 	0.240263, 	94.500008
7, 	0.229824, 	95.150002
8, 	0.224488, 	95.150002
9, 	0.219060, 	95.300003
10, 	0.212603, 	95.350006
11, 	0.211551, 	95.400002
12, 	0.208345, 	95.250008
13, 	0.204425, 	95.500008
14, 	0.201797, 	95.550003
15, 	0.201208, 	95.500008
16, 	0.199348, 	95.550003
17, 	0.196114, 	95.650002
18, 	0.193979, 	95.600006
19, 	0.192002, 	95.800003
20, 	0.190676, 	95.750008
21, 	0.190329, 	95.850006
22, 	0.189791, 	95.850006
23, 	0.188131, 	95.850006
24, 	0.187206, 	95.750008
25, 	0.185813, 	95.750008
26, 	0.185014, 	95.900002
27, 	0.184280, 	95.900002
28, 	0.183872, 	95.850006
29, 	0.182886, 	95.900002
