1, 	2.308519, 	10.139999
2, 	2.308519, 	10.139999
3, 	2.308519, 	10.139999
4, 	2.308519, 	10.139999
5, 	2.308519, 	10.139999
6, 	2.308519, 	10.139999
7, 	2.308519, 	10.139999
8, 	2.308519, 	10.139999
9, 	2.308519, 	10.139999
10, 	2.308519, 	10.139999
11, 	2.308519, 	10.139999
12, 	2.308519, 	10.139999
13, 	2.308519, 	10.139999
14, 	2.308519, 	10.139999
15, 	2.308519, 	10.139999
16, 	2.308519, 	10.139999
17, 	2.308519, 	10.139999
18, 	2.308519, 	10.139999
19, 	2.308519, 	10.139999
20, 	2.308519, 	10.139999
21, 	2.308519, 	10.139999
22, 	2.308519, 	10.139999
23, 	2.308519, 	10.139999
24, 	2.308519, 	10.139999
25, 	2.308519, 	10.139999
26, 	2.308519, 	10.139999
27, 	2.308519, 	10.139999
28, 	2.308519, 	10.139999
29, 	2.308519, 	10.139999
30, 	2.308519, 	10.139999
31, 	2.308519, 	10.139999
32, 	2.308519, 	10.139999
33, 	2.308519, 	10.139999
34, 	2.308519, 	10.139999
35, 	2.308519, 	10.139999
36, 	2.308519, 	10.139999
37, 	2.308519, 	10.139999
38, 	2.308519, 	10.139999
39, 	2.308519, 	10.139999
40, 	2.308519, 	10.139999
41, 	2.308519, 	10.139999
42, 	2.308519, 	10.139999
43, 	2.308519, 	10.139999
44, 	2.308519, 	10.139999
45, 	2.308519, 	10.139999
46, 	2.308519, 	10.139999
47, 	2.308519, 	10.139999
48, 	2.308519, 	10.139999
49, 	2.308519, 	10.139999
50, 	2.308519, 	10.139999
