1, 	2.244701, 	34.739998
2, 	2.138845, 	50.259998
3, 	1.873582, 	69.259995
4, 	1.275769, 	73.279999
5, 	0.782818, 	81.829994
6, 	0.576986, 	84.949997
7, 	0.485662, 	86.639999
8, 	0.429108, 	87.979996
9, 	0.404630, 	88.699997
10, 	0.371434, 	89.329994
11, 	0.352718, 	89.659996
12, 	0.335660, 	90.339996
13, 	0.323321, 	90.619995
14, 	0.321699, 	90.869995
15, 	0.314454, 	90.750000
16, 	0.309999, 	90.889999
17, 	0.292743, 	91.519997
18, 	0.288201, 	91.720001
19, 	0.277181, 	92.040001
20, 	0.275601, 	92.089996
21, 	0.272071, 	92.250000
22, 	0.266783, 	92.299995
23, 	0.261288, 	92.379997
24, 	0.256845, 	92.559998
25, 	0.255121, 	92.639999
26, 	0.245998, 	92.739998
27, 	0.246788, 	92.680000
28, 	0.242712, 	92.989998
29, 	0.243948, 	92.759995
30, 	0.239673, 	92.879997
31, 	0.237798, 	92.720001
32, 	0.231048, 	93.279999
33, 	0.229967, 	93.269997
34, 	0.227139, 	93.360001
35, 	0.225154, 	93.449997
36, 	0.220512, 	93.589996
37, 	0.222434, 	93.389999
38, 	0.218343, 	93.639999
39, 	0.216127, 	93.619995
40, 	0.213053, 	93.889999
41, 	0.210612, 	93.869995
42, 	0.209303, 	93.889999
43, 	0.207426, 	94.040001
44, 	0.205230, 	94.070000
45, 	0.203268, 	94.040001
46, 	0.201898, 	94.180000
47, 	0.198031, 	94.309998
48, 	0.197505, 	94.239998
49, 	0.195074, 	94.349998
50, 	0.194592, 	94.290001
