0, 	2.295656, 	20.049999
1, 	2.289716, 	25.679998
2, 	2.283729, 	28.080000
3, 	2.276755, 	29.650000
4, 	2.267782, 	33.130001
5, 	2.255841, 	35.360001
6, 	2.239652, 	35.840000
7, 	2.217013, 	35.450001
8, 	2.183797, 	37.309998
9, 	2.132740, 	41.329998
10, 	2.052493, 	45.910000
11, 	1.924632, 	53.029999
12, 	1.739014, 	60.829998
13, 	1.524076, 	61.910000
14, 	1.332660, 	61.759998
15, 	1.189669, 	62.320000
16, 	1.089554, 	63.389999
17, 	1.020275, 	64.110001
18, 	0.971480, 	64.909996
19, 	0.935483, 	65.709999
20, 	0.907870, 	66.439995
21, 	0.886219, 	67.239998
22, 	0.868287, 	67.900002
23, 	0.852908, 	68.369995
24, 	0.839739, 	69.040001
25, 	0.827708, 	69.629997
26, 	0.816878, 	70.199997
27, 	0.806973, 	70.430000
28, 	0.797796, 	70.959999
29, 	0.789900, 	71.239998
