0, 	2.253171, 	27.959999
1, 	2.134259, 	38.230000
2, 	1.843792, 	58.039997
3, 	1.361507, 	54.250000
4, 	1.047726, 	60.049999
5, 	1.177790, 	54.219997
6, 	1.882220, 	42.879997
7, 	2.984931, 	36.950001
8, 	2.010576, 	44.200001
9, 	3.322049, 	29.389999
10, 	1.951564, 	43.079998
11, 	4.698299, 	23.129999
12, 	1.979666, 	47.389999
13, 	5.556438, 	24.969999
14, 	2.035122, 	51.169998
15, 	5.478717, 	27.679998
16, 	2.064993, 	52.109997
17, 	4.907721, 	32.709999
18, 	1.901781, 	53.410000
19, 	4.346829, 	36.270000
20, 	1.800547, 	57.059998
21, 	4.111909, 	34.980000
22, 	1.729482, 	61.430000
23, 	4.061770, 	34.340000
24, 	1.779589, 	60.289997
25, 	3.789555, 	35.389999
26, 	1.951843, 	54.889999
27, 	3.448289, 	35.610001
28, 	2.156550, 	50.809998
29, 	2.871835, 	38.149998
