1, 	1.478041, 	57.519997
2, 	0.873671, 	67.180000
3, 	0.785748, 	71.189995
4, 	0.733196, 	72.699997
5, 	0.692007, 	74.540001
6, 	0.669504, 	75.159996
7, 	0.650650, 	76.279999
8, 	0.636802, 	76.979996
9, 	0.624846, 	77.229996
10, 	0.611264, 	77.790001
11, 	0.600073, 	78.009995
12, 	0.592021, 	78.089996
13, 	0.580350, 	78.479996
14, 	0.571105, 	78.829994
15, 	0.563047, 	79.239998
16, 	0.554579, 	79.509995
17, 	0.546599, 	79.839996
18, 	0.538363, 	80.119995
19, 	0.530678, 	80.449997
20, 	0.523786, 	80.709999
21, 	0.516859, 	81.040001
22, 	0.510848, 	81.269997
23, 	0.503242, 	81.659996
24, 	0.496491, 	82.129997
25, 	0.491277, 	82.379997
26, 	0.484830, 	82.579994
27, 	0.480053, 	82.989998
28, 	0.475898, 	83.180000
29, 	0.470987, 	83.189995
30, 	0.465690, 	83.389999
31, 	0.460698, 	83.659996
32, 	0.456370, 	83.799995
33, 	0.452745, 	84.079994
34, 	0.450058, 	84.169998
35, 	0.447495, 	84.349998
36, 	0.443874, 	84.409996
37, 	0.441310, 	84.589996
38, 	0.437976, 	84.759995
39, 	0.436480, 	84.829994
40, 	0.432992, 	84.829994
41, 	0.430979, 	85.000000
42, 	0.429964, 	84.900002
43, 	0.428316, 	84.989998
44, 	0.424849, 	85.099998
45, 	0.423467, 	85.129997
46, 	0.422748, 	85.199997
47, 	0.420507, 	85.299995
48, 	0.418426, 	85.369995
49, 	0.416325, 	85.409996
50, 	0.416304, 	85.430000
