0, 	2.297307, 	11.639999
1, 	2.287576, 	16.129999
2, 	2.276604, 	20.900000
3, 	2.262021, 	27.480000
4, 	2.242474, 	33.790001
5, 	2.214473, 	36.349998
6, 	2.171955, 	39.590000
7, 	2.103637, 	43.559998
8, 	1.991750, 	45.009998
9, 	1.818463, 	55.529999
10, 	1.594141, 	58.889999
11, 	1.375187, 	60.539997
12, 	1.206807, 	63.070000
13, 	1.092152, 	63.889999
14, 	1.016387, 	64.330002
15, 	0.965125, 	64.970001
16, 	0.928560, 	65.799995
17, 	0.901234, 	66.529999
18, 	0.879589, 	67.610001
19, 	0.862205, 	67.869995
20, 	0.846694, 	68.879997
21, 	0.833439, 	69.430000
22, 	0.821745, 	69.790001
23, 	0.811500, 	70.119995
24, 	0.801861, 	70.699997
25, 	0.793987, 	71.180000
26, 	0.785549, 	71.529999
27, 	0.777572, 	71.659996
28, 	0.770813, 	71.900002
29, 	0.764999, 	72.239998
