1, 	0.815364, 	81.729996
2, 	0.374873, 	89.459999
3, 	0.302557, 	91.019997
4, 	0.266114, 	92.000000
5, 	0.241211, 	92.709999
6, 	0.223798, 	93.369995
7, 	0.213376, 	93.639999
8, 	0.205754, 	93.879997
9, 	0.200822, 	93.930000
10, 	0.194095, 	94.169998
11, 	0.186862, 	94.439995
12, 	0.178846, 	94.629997
13, 	0.165315, 	94.970001
14, 	0.151225, 	95.290001
15, 	0.133266, 	95.989998
16, 	0.118038, 	96.459999
17, 	0.109211, 	96.669998
18, 	0.100608, 	97.009995
19, 	0.093169, 	97.250000
20, 	0.088207, 	97.409996
21, 	0.082675, 	97.599998
22, 	0.078539, 	97.669998
23, 	0.074217, 	97.779999
24, 	0.070423, 	97.839996
25, 	0.068279, 	97.930000
26, 	0.065772, 	97.970001
27, 	0.063340, 	97.989998
28, 	0.061316, 	98.049995
29, 	0.059522, 	98.119995
30, 	0.057214, 	98.119995
31, 	0.055658, 	98.159996
32, 	0.054348, 	98.199997
33, 	0.053348, 	98.220001
34, 	0.051768, 	98.279999
35, 	0.050563, 	98.360001
36, 	0.049377, 	98.339996
37, 	0.048510, 	98.389999
38, 	0.048215, 	98.430000
39, 	0.046901, 	98.470001
40, 	0.046343, 	98.479996
41, 	0.045714, 	98.500000
42, 	0.045051, 	98.500000
43, 	0.044319, 	98.540001
44, 	0.043632, 	98.570000
45, 	0.043898, 	98.570000
46, 	0.042813, 	98.570000
47, 	0.042171, 	98.579994
48, 	0.041398, 	98.610001
49, 	0.041647, 	98.599998
50, 	0.040820, 	98.610001
