1, 	1.780870, 	54.389999
2, 	0.877029, 	67.729996
3, 	0.778042, 	71.589996
4, 	0.722969, 	74.150002
5, 	0.685726, 	75.839996
6, 	0.660994, 	76.339996
7, 	0.645427, 	76.889999
8, 	0.629375, 	77.379997
9, 	0.615662, 	77.839996
10, 	0.604160, 	78.070000
11, 	0.591928, 	78.619995
12, 	0.581838, 	78.959999
13, 	0.571485, 	79.209999
14, 	0.563360, 	79.430000
15, 	0.552630, 	79.790001
16, 	0.549551, 	79.680000
17, 	0.538548, 	80.209999
18, 	0.529973, 	80.750000
19, 	0.523370, 	80.939995
20, 	0.515114, 	81.449997
21, 	0.507775, 	81.659996
22, 	0.499576, 	81.989998
23, 	0.493063, 	82.169998
24, 	0.487933, 	82.479996
25, 	0.483058, 	82.790001
26, 	0.475914, 	82.909996
27, 	0.471478, 	83.059998
28, 	0.467740, 	83.229996
29, 	0.462245, 	83.400002
30, 	0.458661, 	83.509995
31, 	0.454318, 	83.699997
32, 	0.450636, 	83.769997
33, 	0.447520, 	83.889999
34, 	0.443698, 	84.139999
35, 	0.440667, 	84.290001
36, 	0.438001, 	84.349998
37, 	0.434951, 	84.400002
38, 	0.432207, 	84.549995
39, 	0.429919, 	84.619995
40, 	0.427383, 	84.720001
41, 	0.424907, 	84.839996
42, 	0.422910, 	84.860001
43, 	0.420825, 	85.000000
44, 	0.419282, 	85.019997
45, 	0.416974, 	85.129997
46, 	0.415060, 	85.139999
47, 	0.412897, 	85.189995
48, 	0.411081, 	85.320000
49, 	0.409098, 	85.269997
50, 	0.408173, 	85.329994
