0, 	2.218858, 	10.460000
1, 	1.882544, 	42.719997
2, 	1.572289, 	47.930000
3, 	2.870154, 	39.209999
4, 	6.303887, 	30.139999
5, 	3.538980, 	27.500000
6, 	4.199674, 	24.529999
7, 	3.231970, 	27.910000
8, 	5.249412, 	18.209999
9, 	2.253532, 	43.910000
10, 	3.551323, 	30.420000
11, 	2.824478, 	47.789997
12, 	3.151463, 	36.989998
13, 	2.703059, 	47.459999
14, 	2.022135, 	39.709999
15, 	2.348001, 	42.439999
16, 	1.803446, 	43.110001
17, 	2.043379, 	47.610001
18, 	2.000309, 	43.549999
19, 	2.010109, 	51.439999
20, 	1.791488, 	41.610001
21, 	1.870507, 	48.969997
22, 	1.982528, 	38.570000
23, 	1.340672, 	57.849998
24, 	2.449368, 	44.959999
25, 	1.520667, 	49.959999
26, 	2.450735, 	47.849998
27, 	1.390200, 	52.340000
28, 	1.225848, 	66.250000
29, 	1.364505, 	56.239998
