1, 	2.354902, 	3.760000
2, 	2.429926, 	3.080000
3, 	2.578699, 	2.630000
4, 	2.848784, 	3.540000
5, 	3.308941, 	4.010000
6, 	3.959213, 	3.730000
7, 	4.653017, 	3.010000
8, 	5.133725, 	2.190000
9, 	5.144253, 	1.440000
10, 	4.699072, 	0.930000
11, 	3.964817, 	2.640000
12, 	3.257324, 	8.200000
13, 	2.780774, 	10.090000
14, 	2.555206, 	10.090000
15, 	2.458207, 	10.090000
16, 	2.422943, 	10.099999
17, 	2.407505, 	10.070000
18, 	2.408356, 	9.630000
19, 	2.440806, 	7.350000
20, 	2.528467, 	4.820000
21, 	2.712841, 	4.090000
22, 	3.135063, 	3.060000
23, 	4.012086, 	3.140000
24, 	5.479565, 	3.120000
25, 	8.045261, 	3.050000
26, 	11.897760, 	3.280000
27, 	16.868377, 	3.490000
28, 	23.096858, 	2.030000
29, 	29.989870, 	2.980000
30, 	37.337591, 	6.040000
31, 	44.008279, 	8.130000
32, 	47.414297, 	8.650000
33, 	47.041766, 	8.420000
34, 	42.910410, 	6.530000
35, 	38.102868, 	3.250000
36, 	32.100813, 	4.320000
37, 	26.427555, 	7.430000
38, 	22.698683, 	8.130000
39, 	19.580528, 	7.900000
40, 	17.102342, 	6.550000
41, 	16.263808, 	5.030000
42, 	16.713756, 	3.260000
43, 	16.877171, 	2.840000
44, 	16.826549, 	2.890000
45, 	16.748177, 	3.550000
46, 	17.051113, 	4.330000
47, 	16.070880, 	4.300000
48, 	15.088662, 	4.140000
49, 	14.669718, 	4.400000
50, 	14.648978, 	4.610000
