0, 	0.651038, 	81.300003
1, 	1.070450, 	79.550003
2, 	4.848189, 	53.950001
3, 	5.433340, 	42.750004
4, 	4.475894, 	56.750004
5, 	5.904552, 	50.050003
6, 	3.014634, 	60.950005
7, 	3.012436, 	64.950005
8, 	3.470375, 	53.250004
9, 	1.980209, 	72.300003
10, 	1.552928, 	68.250000
11, 	1.367691, 	75.250000
12, 	1.829089, 	68.750000
13, 	1.382999, 	78.050003
14, 	1.518545, 	76.800003
15, 	1.856117, 	74.050003
16, 	1.434293, 	82.250008
17, 	2.498138, 	72.000000
18, 	1.787234, 	84.000008
19, 	1.767369, 	73.100006
20, 	0.901945, 	88.450005
21, 	1.145682, 	80.150002
22, 	0.901643, 	86.700005
23, 	1.528879, 	80.650002
24, 	1.222373, 	85.350006
25, 	1.521101, 	83.250008
26, 	1.543268, 	80.550003
27, 	1.230840, 	86.250008
28, 	0.925253, 	85.450005
29, 	1.169246, 	85.800003
