1, 	2.335564, 	4.940000
2, 	2.377467, 	3.500000
3, 	2.536234, 	2.420000
4, 	2.963957, 	2.760000
5, 	3.544760, 	2.790000
6, 	4.433904, 	2.950000
7, 	7.157736, 	2.530000
8, 	7.552021, 	1.790000
9, 	5.133507, 	0.890000
10, 	4.771695, 	0.930000
11, 	3.246412, 	6.540000
12, 	3.201868, 	10.090000
13, 	2.964939, 	10.090000
14, 	2.760644, 	10.090000
15, 	2.589920, 	10.090000
16, 	3.099770, 	10.090000
17, 	2.486510, 	10.090000
18, 	2.369931, 	10.940000
19, 	2.298490, 	14.339999
20, 	2.257503, 	16.080000
21, 	2.205847, 	19.689999
22, 	2.607615, 	7.790000
23, 	2.200397, 	22.590000
24, 	3.086847, 	7.910000
25, 	3.065925, 	10.630000
26, 	4.462393, 	5.510000
27, 	4.451016, 	9.920000
28, 	1.612836, 	48.529999
29, 	2.234788, 	41.349998
30, 	2.166019, 	47.289997
31, 	2.220238, 	51.160000
32, 	7.214638, 	17.730000
33, 	5.847947, 	20.900000
34, 	8.445195, 	18.969999
35, 	16.436414, 	11.950000
36, 	35.876526, 	9.740000
37, 	41.847000, 	9.860000
38, 	31.750566, 	10.590000
39, 	39.847656, 	9.950000
40, 	6.771833, 	28.480000
41, 	0.584235, 	83.409996
42, 	0.509935, 	85.799995
43, 	0.605807, 	82.970001
44, 	1.164662, 	70.790001
45, 	2.277138, 	56.939999
46, 	2.442173, 	55.410000
47, 	2.369258, 	56.270000
48, 	7.284522, 	32.820000
49, 	19.151801, 	19.549999
50, 	38.875037, 	12.650000
