1, 	2.245242, 	26.160000
2, 	2.137851, 	49.439999
3, 	1.868061, 	70.119995
4, 	1.262885, 	77.699997
5, 	0.769333, 	82.629997
6, 	0.565659, 	86.430000
7, 	0.469495, 	87.809998
8, 	0.413025, 	88.959999
9, 	0.376198, 	89.650002
10, 	0.349699, 	90.099998
11, 	0.328767, 	90.610001
12, 	0.311400, 	91.119995
13, 	0.296394, 	91.570000
14, 	0.283825, 	91.930000
15, 	0.272788, 	92.139999
16, 	0.262115, 	92.439995
17, 	0.253071, 	92.659996
18, 	0.244288, 	93.040001
19, 	0.236873, 	93.229996
20, 	0.228759, 	93.439995
21, 	0.222025, 	93.570000
22, 	0.215348, 	93.759995
23, 	0.209138, 	93.979996
24, 	0.203297, 	94.189995
25, 	0.197544, 	94.369995
26, 	0.191629, 	94.500000
27, 	0.186308, 	94.549995
28, 	0.181495, 	94.669998
29, 	0.176908, 	94.829994
30, 	0.172367, 	95.029999
31, 	0.167832, 	95.099998
32, 	0.163987, 	95.220001
33, 	0.159928, 	95.379997
34, 	0.155880, 	95.500000
35, 	0.152404, 	95.579994
36, 	0.148470, 	95.699997
37, 	0.145080, 	95.759995
38, 	0.142037, 	95.809998
39, 	0.138699, 	95.949997
40, 	0.135905, 	95.959999
41, 	0.132804, 	96.029999
42, 	0.130434, 	96.159996
43, 	0.127865, 	96.209999
44, 	0.125122, 	96.290001
45, 	0.122560, 	96.299995
46, 	0.120315, 	96.430000
47, 	0.118146, 	96.470001
48, 	0.115984, 	96.500000
49, 	0.113741, 	96.549995
50, 	0.111477, 	96.599998
