0, 	2.261993, 	12.889999
1, 	2.162812, 	24.119999
2, 	2.294423, 	17.469999
3, 	2.304906, 	19.869999
4, 	2.187213, 	17.459999
5, 	2.278375, 	19.670000
6, 	2.560665, 	13.170000
7, 	2.355383, 	17.119999
8, 	2.479010, 	14.950000
9, 	2.266297, 	19.100000
10, 	2.230415, 	20.969999
11, 	2.176750, 	22.619999
12, 	2.195291, 	22.789999
13, 	2.168897, 	24.039999
14, 	2.208580, 	23.570000
15, 	2.166420, 	22.539999
16, 	2.122490, 	26.679998
17, 	2.066706, 	26.840000
18, 	2.061332, 	29.150000
19, 	2.016958, 	26.599998
20, 	1.989425, 	29.869999
21, 	1.973520, 	28.279999
22, 	1.966538, 	30.410000
23, 	1.913815, 	30.160000
24, 	1.947395, 	30.189999
25, 	1.970139, 	30.000000
26, 	1.913839, 	28.879999
27, 	1.994263, 	34.719997
28, 	2.004366, 	23.170000
29, 	1.880150, 	37.029999
0, 	2.204536, 	19.809999
1, 	2.051784, 	26.650000
