1, 	1.746465, 	58.489998
2, 	0.912222, 	65.549995
3, 	0.812552, 	69.639999
4, 	0.764814, 	71.839996
5, 	0.729243, 	73.709999
6, 	0.701279, 	74.879997
7, 	0.677593, 	75.689995
8, 	0.661939, 	76.250000
9, 	0.647510, 	76.589996
10, 	0.636952, 	76.949997
11, 	0.629712, 	77.239998
12, 	0.619981, 	77.509995
13, 	0.612143, 	77.659996
14, 	0.605889, 	77.930000
15, 	0.603005, 	77.979996
16, 	0.594936, 	78.189995
17, 	0.588365, 	78.409996
18, 	0.582480, 	78.579994
19, 	0.577434, 	78.879997
20, 	0.572619, 	79.079994
21, 	0.569579, 	79.239998
22, 	0.563652, 	79.430000
23, 	0.557755, 	79.599998
24, 	0.554103, 	79.869995
25, 	0.550525, 	80.049995
26, 	0.545573, 	80.309998
27, 	0.540204, 	80.549995
28, 	0.537870, 	80.479996
29, 	0.533866, 	80.860001
30, 	0.531000, 	80.930000
31, 	0.527490, 	81.099998
32, 	0.523287, 	81.329994
33, 	0.521001, 	81.269997
34, 	0.518904, 	81.470001
35, 	0.515692, 	81.570000
36, 	0.509892, 	81.949997
37, 	0.507360, 	81.970001
38, 	0.505499, 	82.059998
39, 	0.504441, 	82.089996
40, 	0.502544, 	82.239998
41, 	0.500565, 	82.229996
42, 	0.498044, 	82.309998
43, 	0.494197, 	82.449997
44, 	0.490843, 	82.699997
45, 	0.489153, 	82.909996
46, 	0.487477, 	82.849998
47, 	0.484766, 	83.040001
48, 	0.485870, 	82.919998
49, 	0.484790, 	82.889999
50, 	0.483494, 	82.930000
