1, 	2.132952, 	9.920000
2, 	3.839321, 	11.559999
3, 	4.002747, 	10.320000
4, 	2.321732, 	9.580000
5, 	2.315649, 	9.580000
6, 	2.312234, 	9.580000
7, 	2.309583, 	9.580000
8, 	2.308238, 	9.580000
9, 	2.307116, 	9.510000
10, 	2.306182, 	10.280000
11, 	2.305402, 	10.280000
12, 	2.304757, 	10.280000
13, 	2.304211, 	10.280000
14, 	2.303763, 	10.280000
15, 	2.303379, 	10.280000
16, 	2.303047, 	10.280000
17, 	2.302739, 	10.280000
18, 	2.302416, 	10.280000
19, 	2.301958, 	10.280000
20, 	2.300566, 	10.280000
21, 	2.301491, 	10.280000
22, 	2.303469, 	10.280000
23, 	2.302216, 	10.280000
24, 	2.301828, 	10.280000
25, 	2.301691, 	11.349999
26, 	2.301630, 	11.349999
27, 	2.301595, 	11.349999
28, 	2.301565, 	11.349999
29, 	2.301529, 	11.349999
30, 	2.301560, 	11.349999
31, 	2.301530, 	11.349999
32, 	2.301453, 	11.349999
33, 	2.301367, 	10.280000
34, 	2.300815, 	11.370000
35, 	2.298806, 	11.460000
36, 	2.282380, 	15.429999
37, 	2.511282, 	7.130000
38, 	2.303451, 	11.349999
39, 	2.303003, 	11.349999
40, 	2.302623, 	11.349999
41, 	2.302282, 	11.349999
42, 	2.301866, 	11.349999
43, 	2.300929, 	11.349999
44, 	2.296889, 	11.590000
45, 	2.359766, 	10.740000
46, 	2.303336, 	11.349999
47, 	2.302857, 	11.349999
48, 	2.302502, 	11.349999
49, 	2.302235, 	11.349999
50, 	2.302032, 	11.349999
51, 	2.301877, 	11.349999
52, 	2.301756, 	11.349999
53, 	2.301662, 	11.349999
54, 	2.301587, 	11.349999
55, 	2.301526, 	11.349999
56, 	2.301477, 	11.349999
57, 	2.301435, 	11.349999
58, 	2.301401, 	11.349999
59, 	2.301372, 	11.349999
60, 	2.301346, 	11.349999
61, 	2.301321, 	11.349999
62, 	2.301297, 	11.349999
63, 	2.301272, 	11.349999
64, 	2.301243, 	11.349999
65, 	2.301210, 	11.349999
66, 	2.301169, 	11.349999
67, 	2.301115, 	11.349999
68, 	2.301045, 	11.349999
69, 	2.300950, 	11.349999
70, 	2.300819, 	11.349999
71, 	2.300626, 	11.349999
72, 	2.300317, 	11.349999
73, 	2.299801, 	11.349999
74, 	2.298903, 	11.349999
75, 	2.297218, 	11.349999
76, 	2.293814, 	11.349999
77, 	2.283427, 	17.289999
78, 	2.232805, 	30.719999
79, 	6.569459, 	10.320000
80, 	2.317233, 	11.349999
81, 	2.313126, 	11.349999
82, 	2.310367, 	11.349999
83, 	2.308297, 	11.349999
84, 	2.306618, 	11.349999
85, 	2.305061, 	11.349999
86, 	2.303545, 	11.349999
87, 	2.302768, 	11.349999
88, 	2.300990, 	12.219999
89, 	2.301593, 	11.349999
90, 	2.295559, 	11.349999
91, 	2.248290, 	16.039999
92, 	2.302988, 	11.349999
93, 	2.302435, 	11.349999
94, 	2.301856, 	11.349999
95, 	2.300453, 	11.349999
96, 	2.295840, 	11.349999
97, 	2.286503, 	11.349999
98, 	2.264857, 	11.360000
99, 	2.127425, 	28.080000
100, 	1.877468, 	41.360001
101, 	24.765411, 	10.300000
102, 	2.304224, 	11.349999
103, 	2.304062, 	11.349999
104, 	2.303913, 	11.349999
105, 	2.303774, 	11.349999
106, 	2.303642, 	11.349999
107, 	2.303518, 	11.349999
108, 	2.303400, 	11.349999
109, 	2.303288, 	11.349999
110, 	2.303182, 	11.349999
111, 	2.303080, 	11.349999
112, 	2.302981, 	11.349999
113, 	2.302884, 	11.349999
114, 	2.302775, 	11.349999
115, 	2.302679, 	11.349999
116, 	2.302579, 	11.349999
117, 	2.302463, 	11.349999
118, 	2.302303, 	11.349999
119, 	2.302052, 	11.349999
120, 	2.301623, 	11.349999
121, 	2.300664, 	11.349999
122, 	2.299290, 	11.349999
123, 	2.297025, 	11.349999
124, 	2.293493, 	11.349999
125, 	2.288035, 	13.500000
126, 	2.278440, 	18.230000
127, 	2.259919, 	11.660000
128, 	2.251543, 	10.280000
129, 	2.301766, 	11.349999
130, 	2.301668, 	11.349999
131, 	2.301544, 	11.349999
132, 	2.301375, 	11.349999
133, 	2.301133, 	11.349999
134, 	2.300768, 	11.349999
135, 	2.300233, 	11.349999
136, 	2.299401, 	11.349999
137, 	2.297964, 	11.349999
138, 	2.295143, 	11.349999
139, 	2.283889, 	11.429999
140, 	2.222084, 	30.160000
141, 	2.476613, 	22.600000
142, 	2.301864, 	11.349999
143, 	2.301802, 	11.349999
144, 	2.301739, 	11.349999
145, 	2.301673, 	11.349999
146, 	2.301602, 	11.349999
147, 	2.301525, 	11.349999
148, 	2.301439, 	11.349999
149, 	2.301342, 	11.349999
150, 	2.301232, 	11.349999
151, 	2.301107, 	11.349999
152, 	2.300955, 	11.349999
153, 	2.300729, 	11.349999
154, 	2.300493, 	11.349999
155, 	2.300208, 	11.349999
156, 	2.299824, 	11.349999
157, 	2.299313, 	11.349999
158, 	2.298710, 	11.349999
159, 	2.298017, 	11.349999
160, 	2.297367, 	11.349999
161, 	2.298297, 	11.349999
162, 	2.300672, 	11.349999
163, 	2.299525, 	11.349999
164, 	2.296336, 	11.349999
165, 	2.296556, 	11.349999
166, 	2.296860, 	11.349999
167, 	2.292130, 	11.349999
168, 	2.289956, 	11.349999
169, 	2.287687, 	11.349999
170, 	2.285315, 	11.349999
171, 	2.280593, 	17.939999
172, 	2.279178, 	11.389999
173, 	2.349151, 	25.910000
174, 	2.302313, 	11.349999
175, 	2.302251, 	11.349999
176, 	2.302193, 	11.349999
177, 	2.302139, 	11.349999
178, 	2.302089, 	11.349999
179, 	2.302041, 	11.349999
180, 	2.301997, 	11.349999
181, 	2.301955, 	11.349999
182, 	2.301916, 	11.349999
183, 	2.301879, 	11.349999
184, 	2.301844, 	11.349999
185, 	2.301812, 	11.349999
186, 	2.301781, 	11.349999
187, 	2.301752, 	11.349999
188, 	2.301725, 	11.349999
189, 	2.301699, 	11.349999
190, 	2.301675, 	11.349999
191, 	2.301652, 	11.349999
192, 	2.301630, 	11.349999
193, 	2.301610, 	11.349999
194, 	2.301591, 	11.349999
195, 	2.301573, 	11.349999
196, 	2.301555, 	11.349999
197, 	2.301539, 	11.349999
198, 	2.301524, 	11.349999
199, 	2.301510, 	11.349999
200, 	2.301496, 	11.349999
201, 	2.301493, 	11.349999
202, 	2.301491, 	11.349999
203, 	2.301488, 	11.349999
204, 	2.301486, 	11.349999
205, 	2.301483, 	11.349999
206, 	2.301481, 	11.349999
207, 	2.301478, 	11.349999
208, 	2.301476, 	11.349999
209, 	2.301473, 	11.349999
210, 	2.301471, 	11.349999
211, 	2.301469, 	11.349999
212, 	2.301466, 	11.349999
213, 	2.301464, 	11.349999
214, 	2.301462, 	11.349999
215, 	2.301460, 	11.349999
216, 	2.301457, 	11.349999
217, 	2.301455, 	11.349999
218, 	2.301453, 	11.349999
219, 	2.301451, 	11.349999
220, 	2.301449, 	11.349999
221, 	2.301447, 	11.349999
222, 	2.301445, 	11.349999
223, 	2.301443, 	11.349999
224, 	2.301441, 	11.349999
225, 	2.301439, 	11.349999
226, 	2.301437, 	11.349999
227, 	2.301435, 	11.349999
228, 	2.301433, 	11.349999
229, 	2.301431, 	11.349999
230, 	2.301429, 	11.349999
231, 	2.301427, 	11.349999
232, 	2.301425, 	11.349999
233, 	2.301423, 	11.349999
234, 	2.301421, 	11.349999
235, 	2.301420, 	11.349999
236, 	2.301418, 	11.349999
237, 	2.301416, 	11.349999
238, 	2.301414, 	11.349999
239, 	2.301412, 	11.349999
240, 	2.301411, 	11.349999
241, 	2.301409, 	11.349999
242, 	2.301407, 	11.349999
243, 	2.301406, 	11.349999
244, 	2.301404, 	11.349999
245, 	2.301403, 	11.349999
246, 	2.301401, 	11.349999
247, 	2.301399, 	11.349999
248, 	2.301398, 	11.349999
249, 	2.301396, 	11.349999
250, 	2.301394, 	11.349999
251, 	2.301393, 	11.349999
252, 	2.301391, 	11.349999
253, 	2.301390, 	11.349999
254, 	2.301388, 	11.349999
255, 	2.301387, 	11.349999
256, 	2.301385, 	11.349999
257, 	2.301384, 	11.349999
258, 	2.301383, 	11.349999
259, 	2.301381, 	11.349999
260, 	2.301380, 	11.349999
261, 	2.301378, 	11.349999
262, 	2.301377, 	11.349999
263, 	2.301376, 	11.349999
264, 	2.301374, 	11.349999
265, 	2.301373, 	11.349999
266, 	2.301372, 	11.349999
267, 	2.301370, 	11.349999
268, 	2.301369, 	11.349999
269, 	2.301368, 	11.349999
270, 	2.301367, 	11.349999
271, 	2.301365, 	11.349999
272, 	2.301364, 	11.349999
273, 	2.301363, 	11.349999
274, 	2.301362, 	11.349999
275, 	2.301360, 	11.349999
276, 	2.301359, 	11.349999
277, 	2.301358, 	11.349999
278, 	2.301357, 	11.349999
279, 	2.301356, 	11.349999
280, 	2.301355, 	11.349999
281, 	2.301353, 	11.349999
282, 	2.301352, 	11.349999
283, 	2.301351, 	11.349999
284, 	2.301350, 	11.349999
285, 	2.301349, 	11.349999
286, 	2.301348, 	11.349999
287, 	2.301347, 	11.349999
288, 	2.301346, 	11.349999
289, 	2.301345, 	11.349999
290, 	2.301344, 	11.349999
291, 	2.301343, 	11.349999
292, 	2.301342, 	11.349999
293, 	2.301340, 	11.349999
294, 	2.301339, 	11.349999
295, 	2.301339, 	11.349999
296, 	2.301337, 	11.349999
297, 	2.301337, 	11.349999
298, 	2.301336, 	11.349999
299, 	2.301335, 	11.349999
300, 	2.301334, 	11.349999
