1, 	0.658829, 	85.199997
2, 	0.367478, 	89.680000
3, 	0.299562, 	91.320000
4, 	0.264853, 	92.119995
5, 	0.242302, 	92.779999
6, 	0.227303, 	93.269997
7, 	0.215244, 	93.540001
8, 	0.204716, 	93.799995
9, 	0.196974, 	94.079994
10, 	0.187806, 	94.399994
11, 	0.180934, 	94.610001
12, 	0.171573, 	94.879997
13, 	0.159286, 	95.059998
14, 	0.144922, 	95.529999
15, 	0.129856, 	95.930000
16, 	0.116005, 	96.369995
17, 	0.107822, 	96.779999
18, 	0.097800, 	96.949997
19, 	0.090434, 	97.229996
20, 	0.084123, 	97.399994
21, 	0.079927, 	97.549995
22, 	0.074782, 	97.599998
23, 	0.071300, 	97.829994
24, 	0.069390, 	97.809998
25, 	0.066246, 	97.829994
26, 	0.064415, 	97.839996
27, 	0.062001, 	97.919998
28, 	0.059874, 	97.979996
29, 	0.057908, 	98.139999
30, 	0.056523, 	98.139999
31, 	0.054856, 	98.119995
32, 	0.054219, 	98.220001
33, 	0.053094, 	98.229996
34, 	0.052900, 	98.139999
35, 	0.050726, 	98.199997
36, 	0.049544, 	98.320000
37, 	0.048839, 	98.259995
38, 	0.047525, 	98.369995
39, 	0.046912, 	98.430000
40, 	0.046173, 	98.439995
41, 	0.046001, 	98.519997
42, 	0.045221, 	98.439995
43, 	0.044186, 	98.519997
44, 	0.043929, 	98.519997
45, 	0.043297, 	98.549995
46, 	0.042980, 	98.589996
47, 	0.042603, 	98.579994
48, 	0.042294, 	98.519997
49, 	0.041940, 	98.599998
50, 	0.041225, 	98.579994
