1, 	2.245826, 	25.730000
2, 	2.139639, 	47.139999
3, 	2.271214, 	15.000000
4, 	2.103866, 	52.919998
5, 	1.719692, 	68.720001
6, 	1.775787, 	53.219997
7, 	1.030446, 	76.199997
8, 	1.330883, 	59.869999
9, 	0.753410, 	80.269997
10, 	0.577821, 	84.379997
11, 	1.022636, 	66.320000
12, 	0.636852, 	81.720001
13, 	0.532498, 	85.000000
14, 	1.173080, 	60.389999
15, 	0.621142, 	81.790001
16, 	1.996288, 	43.369999
17, 	0.690126, 	78.669998
18, 	0.569347, 	83.189995
19, 	0.503516, 	85.189995
20, 	0.457479, 	86.589996
21, 	0.423970, 	87.540001
22, 	1.016086, 	67.610001
23, 	7.174477, 	33.430000
24, 	0.665761, 	79.009995
25, 	3.164193, 	40.299999
26, 	10.295227, 	26.699999
27, 	0.833940, 	72.979996
28, 	0.663449, 	79.320000
29, 	2.875935, 	42.860001
30, 	0.764221, 	75.449997
31, 	0.635857, 	80.519997
32, 	3.548105, 	35.879997
33, 	0.753324, 	76.099998
34, 	0.630598, 	80.799995
35, 	0.557606, 	83.479996
36, 	2.634136, 	45.969997
37, 	0.689848, 	78.790001
38, 	0.598918, 	81.989998
39, 	3.737535, 	38.950001
40, 	24.403474, 	10.270000
41, 	42.100149, 	9.719999
42, 	0.948945, 	70.939995
43, 	12.641282, 	19.279999
44, 	47.133852, 	11.190000
45, 	82.349117, 	10.740000
46, 	1.022897, 	70.220001
47, 	0.762030, 	77.169998
48, 	0.632250, 	81.049995
49, 	18.838999, 	13.599999
50, 	118.081867, 	7.910000
