0, 	0.810720, 	75.450005
1, 	5.024808, 	57.850002
2, 	6.586056, 	37.900002
3, 	9.544403, 	38.600002
4, 	6.591126, 	43.200001
5, 	10.919205, 	33.100002
6, 	3.155851, 	62.850002
7, 	10.799784, 	28.700001
8, 	3.475880, 	66.900002
9, 	6.696293, 	45.450001
10, 	2.266549, 	69.350006
11, 	6.368373, 	54.250004
12, 	2.075845, 	77.600006
13, 	6.946077, 	49.150002
14, 	3.141602, 	75.650002
15, 	3.465093, 	64.450005
16, 	2.507685, 	80.200005
17, 	2.843284, 	74.200005
18, 	1.799637, 	79.350006
19, 	5.028052, 	63.900002
20, 	10.911954, 	45.100002
21, 	5.246023, 	62.300003
22, 	4.207569, 	62.800003
23, 	1.908942, 	81.000008
24, 	1.830711, 	79.100006
25, 	2.431033, 	78.550003
26, 	2.432819, 	80.250000
27, 	2.589004, 	80.550003
28, 	2.334050, 	82.500008
29, 	1.547341, 	85.150002
