0, 	1.319597, 	68.800003
1, 	7.630136, 	47.050003
2, 	13.232170, 	27.550001
3, 	8.373923, 	43.100002
4, 	14.579275, 	37.050003
5, 	13.925602, 	34.250000
6, 	9.868515, 	40.950001
7, 	3.073424, 	66.300003
8, 	5.428620, 	56.650002
9, 	4.908395, 	67.000000
10, 	2.035370, 	69.100006
11, 	3.230436, 	65.350006
12, 	4.171362, 	75.850006
13, 	3.862911, 	55.950001
14, 	3.369904, 	77.900002
15, 	2.250721, 	59.800003
16, 	3.510027, 	64.000000
17, 	3.265611, 	60.650002
18, 	4.382022, 	66.800003
19, 	1.812899, 	75.100006
20, 	1.811703, 	78.100006
21, 	1.261369, 	84.650002
22, 	5.240282, 	67.800003
23, 	2.014484, 	80.450005
24, 	4.897199, 	70.750000
25, 	2.000529, 	79.400002
26, 	2.499378, 	81.000008
27, 	4.650401, 	73.850006
28, 	4.769012, 	72.900002
29, 	4.005449, 	70.050003
