0, 	2.300121, 	12.210000
1, 	2.298062, 	13.099999
2, 	2.295888, 	13.549999
3, 	2.293576, 	14.320000
4, 	2.291097, 	14.710000
5, 	2.288409, 	15.259999
6, 	2.285459, 	16.279999
7, 	2.282173, 	16.820000
8, 	2.278472, 	17.189999
9, 	2.274269, 	17.459999
10, 	2.269463, 	17.879999
11, 	2.263943, 	18.309999
12, 	2.257608, 	18.750000
13, 	2.250334, 	19.369999
14, 	2.242065, 	20.119999
15, 	2.232664, 	21.359999
16, 	2.222028, 	22.070000
17, 	2.210148, 	22.830000
18, 	2.197008, 	23.430000
19, 	2.182669, 	23.900000
20, 	2.167310, 	24.099998
21, 	2.151189, 	24.529999
22, 	2.134657, 	24.689999
23, 	2.118054, 	24.980000
24, 	2.101679, 	25.420000
25, 	2.085724, 	25.709999
26, 	2.070296, 	26.240000
27, 	2.055407, 	26.859999
28, 	2.041085, 	27.309999
29, 	2.027358, 	27.539999
