0, 	2.301081, 	9.980000
1, 	2.298697, 	10.009999
2, 	2.296315, 	10.139999
3, 	2.293842, 	10.340000
4, 	2.291213, 	10.639999
5, 	2.288348, 	11.480000
6, 	2.285154, 	12.540000
7, 	2.281543, 	13.630000
8, 	2.277436, 	14.589999
9, 	2.272777, 	15.110000
10, 	2.267400, 	16.240000
11, 	2.261177, 	17.129999
12, 	2.253972, 	18.100000
13, 	2.245629, 	19.539999
14, 	2.236018, 	20.969999
15, 	2.225001, 	21.959999
16, 	2.212544, 	22.750000
17, 	2.198712, 	23.320000
18, 	2.183693, 	23.730000
19, 	2.167808, 	24.189999
20, 	2.151468, 	24.580000
21, 	2.135061, 	25.080000
22, 	2.118900, 	25.299999
23, 	2.103157, 	25.529999
24, 	2.087901, 	25.889999
25, 	2.073131, 	26.410000
26, 	2.058751, 	26.689999
27, 	2.044776, 	27.000000
28, 	2.031178, 	27.439999
29, 	2.018120, 	27.670000
0, 	2.260883, 	19.389999
