1, 	2.322112, 	8.590000
2, 	2.351983, 	3.830000
3, 	2.384276, 	2.460000
4, 	2.398707, 	3.590000
5, 	2.403149, 	6.520000
6, 	2.410544, 	9.059999
7, 	2.427670, 	9.210000
8, 	2.450657, 	9.719999
9, 	2.478688, 	9.940000
10, 	2.512718, 	9.990000
11, 	2.577045, 	10.000000
12, 	2.650584, 	10.000000
13, 	2.703301, 	9.990000
14, 	2.829540, 	9.990000
15, 	3.031386, 	9.990000
16, 	3.346019, 	10.000000
17, 	3.624557, 	10.000000
18, 	4.131012, 	10.000000
19, 	4.866129, 	10.000000
20, 	5.400262, 	10.000000
21, 	5.089075, 	10.000000
22, 	6.012222, 	10.000000
23, 	6.234084, 	10.000000
24, 	6.480170, 	9.750000
25, 	7.813283, 	9.880000
26, 	6.334735, 	9.510000
27, 	8.717309, 	9.679999
28, 	5.000669, 	9.500000
29, 	9.689937, 	9.440000
30, 	6.115601, 	9.420000
31, 	12.671354, 	9.309999
32, 	4.920159, 	9.150000
33, 	15.599613, 	9.290000
34, 	3.868726, 	8.889999
35, 	18.626276, 	9.320000
36, 	2.892854, 	8.980000
37, 	15.623131, 	9.389999
38, 	3.572984, 	8.990000
39, 	21.259451, 	9.250000
40, 	3.354275, 	8.900000
41, 	18.114776, 	10.000000
42, 	5.865964, 	10.000000
43, 	16.495355, 	10.000000
44, 	8.048724, 	9.990000
45, 	17.607205, 	9.990000
46, 	8.272711, 	9.990000
47, 	15.884729, 	9.990000
48, 	10.142727, 	9.969999
49, 	19.854951, 	9.990000
50, 	10.044018, 	9.980000
