1, 	2.245263, 	26.580000
2, 	2.138013, 	49.070000
3, 	1.868706, 	70.119995
4, 	1.263511, 	77.720001
5, 	0.769941, 	82.750000
6, 	0.566172, 	86.329994
7, 	0.469670, 	87.799995
8, 	0.413375, 	88.889999
9, 	0.377030, 	89.570000
10, 	0.350788, 	90.019997
11, 	0.329433, 	90.599998
12, 	0.312292, 	90.939995
13, 	0.297289, 	91.529999
14, 	0.284420, 	91.959999
15, 	0.274137, 	92.169998
16, 	0.263425, 	92.419998
17, 	0.254422, 	92.540001
18, 	0.245951, 	92.909996
19, 	0.238702, 	93.139999
20, 	0.230318, 	93.379997
21, 	0.223026, 	93.579994
22, 	0.216467, 	93.779999
23, 	0.210245, 	94.019997
24, 	0.204438, 	94.149994
25, 	0.199057, 	94.369995
26, 	0.192888, 	94.470001
27, 	0.187666, 	94.610001
28, 	0.182575, 	94.709999
29, 	0.177938, 	94.750000
30, 	0.173180, 	94.869995
31, 	0.168659, 	95.059998
32, 	0.164888, 	95.209999
33, 	0.160759, 	95.360001
34, 	0.156748, 	95.470001
35, 	0.153278, 	95.599998
36, 	0.149417, 	95.720001
37, 	0.146035, 	95.779999
38, 	0.142887, 	95.820000
39, 	0.139523, 	95.889999
40, 	0.136662, 	95.949997
41, 	0.133643, 	96.049995
42, 	0.131305, 	96.099998
43, 	0.128574, 	96.159996
44, 	0.125969, 	96.180000
45, 	0.123293, 	96.299995
46, 	0.121035, 	96.419998
47, 	0.118849, 	96.459999
48, 	0.116554, 	96.509995
49, 	0.114422, 	96.589996
50, 	0.112039, 	96.639999
