0, 	0.657733, 	80.450005
1, 	0.360462, 	89.050003
2, 	0.298898, 	91.450005
3, 	0.267086, 	92.400002
4, 	0.246234, 	92.700005
5, 	0.225805, 	93.250008
6, 	0.213714, 	93.700005
7, 	0.205815, 	93.950005
8, 	0.200159, 	94.100006
9, 	0.195199, 	94.600006
10, 	0.190203, 	94.600006
11, 	0.187235, 	94.800003
12, 	0.183180, 	94.900002
13, 	0.180134, 	94.950005
14, 	0.177984, 	95.200005
15, 	0.175355, 	95.250008
16, 	0.173516, 	95.250008
17, 	0.171684, 	95.300003
18, 	0.170789, 	95.250008
19, 	0.169862, 	95.350006
20, 	0.169169, 	95.350006
21, 	0.167535, 	95.450005
22, 	0.167483, 	95.450005
23, 	0.166002, 	95.600006
24, 	0.164825, 	95.550003
25, 	0.164718, 	95.550003
26, 	0.164864, 	95.600006
27, 	0.164042, 	95.600006
28, 	0.163216, 	95.700005
29, 	0.162878, 	95.600006
