1, 	1.933497, 	44.619999
2, 	0.934791, 	64.159996
3, 	0.832660, 	68.309998
4, 	0.788517, 	70.389999
5, 	0.761612, 	71.709999
6, 	0.733273, 	73.199997
7, 	0.715819, 	74.089996
8, 	0.697433, 	74.989998
9, 	0.687055, 	75.269997
10, 	0.678686, 	75.409996
11, 	0.659573, 	76.360001
12, 	0.653046, 	76.479996
13, 	0.647773, 	76.799995
14, 	0.637649, 	77.229996
15, 	0.631614, 	77.389999
16, 	0.615635, 	77.809998
17, 	0.604480, 	78.110001
18, 	0.591356, 	78.559998
19, 	0.579787, 	79.040001
20, 	0.567507, 	79.409996
21, 	0.558695, 	79.599998
22, 	0.545185, 	80.250000
23, 	0.534274, 	80.820000
24, 	0.522323, 	81.239998
25, 	0.513986, 	81.500000
26, 	0.503323, 	81.959999
27, 	0.496575, 	82.189995
28, 	0.489066, 	82.470001
29, 	0.483648, 	82.860001
30, 	0.476332, 	82.970001
31, 	0.470498, 	83.180000
32, 	0.464163, 	83.409996
33, 	0.459051, 	83.540001
34, 	0.454587, 	83.729996
35, 	0.451250, 	83.919998
36, 	0.445721, 	84.070000
37, 	0.440719, 	84.439995
38, 	0.437860, 	84.489998
39, 	0.434309, 	84.529999
40, 	0.430225, 	84.709999
41, 	0.428651, 	84.599998
42, 	0.424548, 	84.860001
43, 	0.421156, 	85.049995
44, 	0.418558, 	85.089996
45, 	0.415995, 	85.239998
46, 	0.412789, 	85.339996
47, 	0.410736, 	85.299995
48, 	0.408760, 	85.419998
49, 	0.406052, 	85.489998
50, 	0.404000, 	85.659996
