1, 	2.245140, 	27.090000
2, 	2.137790, 	49.239998
3, 	1.868645, 	70.309998
4, 	1.262940, 	77.439995
5, 	0.768489, 	82.809998
6, 	0.566106, 	86.139999
7, 	0.469179, 	87.949997
8, 	0.413891, 	88.889999
9, 	0.376993, 	89.589996
10, 	0.350861, 	90.099998
11, 	0.329941, 	90.629997
12, 	0.312301, 	91.049995
13, 	0.297769, 	91.419998
14, 	0.285108, 	91.919998
15, 	0.273680, 	92.110001
16, 	0.263311, 	92.409996
17, 	0.254096, 	92.579994
18, 	0.245329, 	92.879997
19, 	0.237155, 	93.209999
20, 	0.229987, 	93.430000
21, 	0.222687, 	93.599998
22, 	0.215988, 	93.809998
23, 	0.209974, 	93.949997
24, 	0.203375, 	94.189995
25, 	0.197712, 	94.399994
26, 	0.192381, 	94.509995
27, 	0.187576, 	94.599998
28, 	0.182205, 	94.729996
29, 	0.177238, 	94.869995
30, 	0.172766, 	94.939995
31, 	0.168094, 	95.079994
32, 	0.163986, 	95.209999
33, 	0.159997, 	95.399994
34, 	0.156192, 	95.529999
35, 	0.152279, 	95.649994
36, 	0.149104, 	95.709999
37, 	0.145433, 	95.790001
38, 	0.142207, 	95.809998
39, 	0.139076, 	95.879997
40, 	0.135776, 	95.930000
41, 	0.132839, 	96.059998
42, 	0.130381, 	96.169998
43, 	0.127762, 	96.250000
44, 	0.125039, 	96.299995
45, 	0.122539, 	96.360001
46, 	0.120189, 	96.389999
47, 	0.117923, 	96.449997
48, 	0.115584, 	96.509995
49, 	0.113605, 	96.540001
50, 	0.111465, 	96.610001
