1, 	0.703778, 	84.000000
2, 	0.332874, 	91.110001
3, 	0.260164, 	92.779999
4, 	0.220696, 	93.689995
5, 	0.194021, 	94.430000
6, 	0.174792, 	94.979996
7, 	0.160947, 	95.449997
8, 	0.150055, 	95.669998
9, 	0.140670, 	95.989998
10, 	0.133514, 	96.149994
11, 	0.127687, 	96.349998
12, 	0.122204, 	96.489998
13, 	0.117735, 	96.610001
14, 	0.113936, 	96.750000
15, 	0.111922, 	96.779999
16, 	0.109699, 	96.809998
17, 	0.107643, 	96.919998
18, 	0.106311, 	96.939995
19, 	0.104333, 	97.029999
20, 	0.103279, 	97.049995
21, 	0.103330, 	97.070000
22, 	0.102836, 	97.079994
23, 	0.100872, 	97.139999
24, 	0.099673, 	97.169998
25, 	0.098508, 	97.149994
26, 	0.098884, 	97.129997
27, 	0.098387, 	97.189995
28, 	0.098639, 	97.169998
29, 	0.098393, 	97.070000
30, 	0.097306, 	97.129997
31, 	0.096182, 	97.250000
32, 	0.097522, 	97.199997
33, 	0.096955, 	97.180000
34, 	0.096259, 	97.189995
35, 	0.096312, 	97.209999
36, 	0.097366, 	97.169998
37, 	0.095606, 	97.209999
38, 	0.096187, 	97.169998
39, 	0.096686, 	97.169998
40, 	0.096937, 	97.169998
41, 	0.095696, 	97.169998
42, 	0.096143, 	97.189995
43, 	0.096655, 	97.169998
44, 	0.097012, 	97.159996
45, 	0.095563, 	97.189995
46, 	0.095989, 	97.209999
47, 	0.095327, 	97.199997
48, 	0.093813, 	97.229996
49, 	0.094655, 	97.209999
50, 	0.095345, 	97.180000
