1, 	2.202570, 	28.510000
2, 	1.020544, 	63.579998
3, 	0.853625, 	67.500000
4, 	0.815680, 	68.430000
5, 	0.777727, 	70.540001
6, 	0.758880, 	71.900002
7, 	0.732205, 	72.889999
8, 	0.712541, 	73.570000
9, 	0.695533, 	74.019997
10, 	0.681029, 	74.750000
11, 	0.668179, 	76.009995
12, 	0.666244, 	76.139999
13, 	0.664663, 	75.889999
14, 	0.655682, 	76.369995
15, 	0.647138, 	76.519997
16, 	0.631262, 	77.169998
17, 	0.612013, 	77.699997
18, 	0.594553, 	78.579994
19, 	0.578762, 	79.279999
20, 	0.565736, 	79.519997
21, 	0.551491, 	79.930000
22, 	0.540114, 	80.500000
23, 	0.528533, 	80.889999
24, 	0.519625, 	81.209999
25, 	0.510634, 	81.619995
26, 	0.501312, 	82.059998
27, 	0.493693, 	82.439995
28, 	0.486251, 	82.650002
29, 	0.479558, 	82.860001
30, 	0.472047, 	83.389999
31, 	0.467393, 	83.619995
32, 	0.462100, 	83.659996
33, 	0.458063, 	83.759995
34, 	0.451627, 	84.159996
35, 	0.446085, 	84.250000
36, 	0.442841, 	84.349998
37, 	0.437948, 	84.489998
38, 	0.434207, 	84.650002
39, 	0.432686, 	84.739998
40, 	0.427155, 	84.669998
41, 	0.426640, 	84.709999
42, 	0.423212, 	84.739998
43, 	0.419625, 	85.089996
44, 	0.415785, 	85.129997
45, 	0.413293, 	85.369995
46, 	0.410774, 	85.400002
47, 	0.408332, 	85.720001
48, 	0.404825, 	85.599998
49, 	0.404127, 	85.809998
50, 	0.401593, 	85.900002
