1, 	2.032394, 	50.119999
2, 	0.953561, 	64.339996
3, 	0.834606, 	68.259995
4, 	0.794329, 	69.799995
5, 	0.769916, 	70.830002
6, 	0.760647, 	70.830002
7, 	0.736938, 	72.339996
8, 	0.731486, 	72.360001
9, 	0.709869, 	73.580002
10, 	0.690774, 	74.599998
11, 	0.675451, 	75.369995
12, 	0.665543, 	75.580002
13, 	0.653788, 	76.320000
14, 	0.642163, 	77.040001
15, 	0.628936, 	77.330002
16, 	0.620285, 	77.580002
17, 	0.604994, 	78.070000
18, 	0.590623, 	78.250000
19, 	0.573513, 	78.989998
20, 	0.556599, 	79.759995
21, 	0.543531, 	80.400002
22, 	0.531891, 	80.559998
23, 	0.520497, 	81.290001
24, 	0.510128, 	81.709999
25, 	0.500046, 	82.059998
26, 	0.491850, 	82.349998
27, 	0.481159, 	82.759995
28, 	0.475084, 	83.000000
29, 	0.466975, 	83.269997
30, 	0.464040, 	83.419998
31, 	0.455802, 	83.610001
32, 	0.450977, 	83.979996
33, 	0.446208, 	84.150002
34, 	0.441053, 	84.269997
35, 	0.439023, 	84.239998
36, 	0.432595, 	84.500000
37, 	0.430190, 	84.750000
38, 	0.425933, 	84.839996
39, 	0.423555, 	84.939995
40, 	0.420605, 	85.049995
41, 	0.416475, 	85.199997
42, 	0.413620, 	85.269997
43, 	0.411774, 	85.279999
44, 	0.408444, 	85.409996
45, 	0.406585, 	85.570000
46, 	0.405354, 	85.519997
47, 	0.402872, 	85.540001
48, 	0.402145, 	85.699997
49, 	0.397330, 	85.669998
50, 	0.397377, 	85.799995
