1, 	2.245203, 	26.609999
2, 	2.137795, 	49.129997
3, 	1.867948, 	70.159996
4, 	1.262189, 	77.689995
5, 	0.769192, 	82.720001
6, 	0.565859, 	86.309998
7, 	0.469623, 	87.829994
8, 	0.413341, 	88.919998
9, 	0.376747, 	89.629997
10, 	0.350287, 	90.079994
11, 	0.329342, 	90.599998
12, 	0.311894, 	90.959999
13, 	0.296949, 	91.519997
14, 	0.284249, 	91.959999
15, 	0.273467, 	92.119995
16, 	0.262835, 	92.459999
17, 	0.253831, 	92.540001
18, 	0.245183, 	92.889999
19, 	0.237634, 	93.139999
20, 	0.229514, 	93.439995
21, 	0.222696, 	93.610001
22, 	0.216013, 	93.750000
23, 	0.209800, 	94.009995
24, 	0.203854, 	94.189995
25, 	0.198333, 	94.389999
26, 	0.192312, 	94.519997
27, 	0.186897, 	94.589996
28, 	0.181964, 	94.680000
29, 	0.177398, 	94.759995
30, 	0.172668, 	94.919998
31, 	0.168243, 	95.110001
32, 	0.164374, 	95.229996
33, 	0.160338, 	95.360001
34, 	0.156275, 	95.500000
35, 	0.152797, 	95.659996
36, 	0.148906, 	95.739998
37, 	0.145548, 	95.790001
38, 	0.142402, 	95.829994
39, 	0.139146, 	95.919998
40, 	0.136251, 	95.949997
41, 	0.133214, 	96.029999
42, 	0.130892, 	96.119995
43, 	0.128146, 	96.169998
44, 	0.125526, 	96.220001
45, 	0.122849, 	96.329994
46, 	0.120608, 	96.379997
47, 	0.118401, 	96.430000
48, 	0.116082, 	96.509995
49, 	0.113975, 	96.610001
50, 	0.111601, 	96.639999
