0, 	0.942465, 	75.450005
1, 	0.677939, 	83.100006
2, 	0.661369, 	84.300003
3, 	0.653226, 	84.850006
4, 	0.651088, 	85.300003
5, 	0.652733, 	85.200005
6, 	0.646269, 	85.350006
7, 	0.644476, 	85.500008
8, 	0.642983, 	85.650002
9, 	0.641073, 	85.750008
10, 	0.636721, 	85.900002
11, 	0.636109, 	86.000008
12, 	0.636107, 	86.000008
13, 	0.634215, 	86.150002
14, 	0.633242, 	86.150002
15, 	0.631056, 	86.150002
16, 	0.630313, 	86.150002
17, 	0.630720, 	86.150002
18, 	0.629017, 	86.200005
19, 	0.628755, 	86.250008
20, 	0.628125, 	86.350006
21, 	0.627581, 	86.350006
22, 	0.626628, 	86.350006
23, 	0.626492, 	86.450005
24, 	0.625828, 	86.500008
25, 	0.625688, 	86.500008
26, 	0.624912, 	86.700005
27, 	0.624136, 	86.750008
28, 	0.624172, 	86.750008
29, 	0.623696, 	86.850006
