1, 	2.389254, 	2.430000
2, 	2.325470, 	7.910000
3, 	2.544651, 	0.310000
4, 	3.211740, 	0.520000
5, 	4.247495, 	1.850000
6, 	5.764351, 	6.090000
7, 	9.795581, 	10.090000
8, 	16.280898, 	10.090000
9, 	26.806244, 	10.090000
10, 	39.631001, 	10.090000
11, 	56.003900, 	10.090000
12, 	75.510276, 	10.090000
13, 	93.594739, 	10.090000
14, 	110.955530, 	10.090000
15, 	126.833526, 	10.090000
16, 	118.315354, 	10.090000
17, 	101.721009, 	10.090000
18, 	144.842658, 	10.090000
19, 	114.203816, 	10.090000
20, 	258.839172, 	10.090000
21, 	125.295454, 	10.090000
22, 	360.152103, 	10.090000
23, 	163.086485, 	10.090000
24, 	277.020391, 	10.090000
25, 	277.127845, 	10.090000
26, 	385.913302, 	10.090000
27, 	17.596699, 	10.090000
28, 	376.617225, 	10.090000
29, 	156.595553, 	10.090000
30, 	1228.633499, 	10.090000
31, 	7.390088, 	10.200000
32, 	1785.311118, 	10.090000
33, 	3.326580, 	9.840000
34, 	2.618318, 	9.650000
35, 	255.101515, 	10.090000
36, 	2161.122225, 	10.090000
37, 	9.096016, 	8.660000
38, 	2.756311, 	9.590000
39, 	220.912459, 	10.210000
40, 	2872.178429, 	10.090000
41, 	28.444710, 	9.960000
42, 	1608.702237, 	10.090000
43, 	10464104.410500, 	10.090000
44, 	3.769987, 	9.580000
45, 	577.895831, 	10.309999
46, 	804.043269, 	10.160000
47, 	3.784258, 	10.320000
48, 	14.317035, 	10.309999
49, 	223648.226556, 	9.389999
50, 	4.564364, 	10.320000
