1, 	2.261718, 	20.369999
2, 	2.258421, 	20.709999
3, 	2.218601, 	33.169998
4, 	2.167788, 	45.730000
5, 	2.107535, 	56.230000
6, 	2.101059, 	52.820000
7, 	2.095533, 	48.840000
8, 	2.023106, 	58.799999
9, 	1.944338, 	66.619995
10, 	1.860204, 	71.430000
11, 	1.771690, 	75.689995
12, 	1.681025, 	79.079994
13, 	1.588695, 	81.009995
14, 	1.497362, 	82.579994
15, 	1.510227, 	81.489998
16, 	1.418876, 	83.139999
17, 	1.331237, 	84.519997
18, 	1.246047, 	85.669998
19, 	1.165777, 	86.750000
20, 	1.089526, 	87.489998
21, 	1.017406, 	88.159996
22, 	0.950626, 	88.659996
23, 	0.887923, 	89.119995
24, 	0.919576, 	88.739998
25, 	0.952314, 	87.919998
26, 	0.891332, 	88.529999
27, 	0.927304, 	87.809998
28, 	0.866656, 	88.389999
29, 	0.905321, 	87.360001
30, 	0.845812, 	88.059998
31, 	0.790868, 	88.659996
32, 	0.741435, 	89.059998
33, 	0.781759, 	88.220001
34, 	0.732909, 	88.669998
35, 	0.774660, 	87.650002
36, 	0.726481, 	88.220001
37, 	0.772203, 	86.839996
38, 	0.723883, 	87.500000
39, 	0.678920, 	88.239998
40, 	0.721707, 	87.019997
41, 	0.677872, 	87.759995
42, 	0.637037, 	88.379997
43, 	0.600801, 	88.839996
44, 	0.567405, 	89.470001
45, 	0.537733, 	89.869995
46, 	0.576845, 	88.869995
47, 	0.545537, 	89.349998
48, 	0.517876, 	89.860001
49, 	0.494333, 	90.180000
50, 	0.470436, 	90.459999
