1, 	2.247321, 	24.799999
2, 	2.143134, 	46.529999
3, 	1.892517, 	69.409996
4, 	1.305584, 	77.119995
5, 	0.791246, 	82.329994
6, 	0.584140, 	86.059998
7, 	0.481014, 	87.699997
8, 	0.804733, 	75.040001
9, 	0.575966, 	84.489998
10, 	0.488959, 	86.589996
11, 	0.891010, 	70.019997
12, 	0.605901, 	82.689995
13, 	0.515418, 	85.470001
14, 	0.995349, 	67.099998
15, 	0.638051, 	81.180000
16, 	0.550452, 	84.199997
17, 	0.487912, 	86.129997
18, 	0.443663, 	87.220001
19, 	0.411519, 	87.970001
20, 	0.385106, 	88.759995
21, 	0.363365, 	89.320000
22, 	0.347298, 	89.879997
23, 	0.652431, 	79.769997
24, 	0.466360, 	86.470001
25, 	1.296093, 	65.559998
26, 	0.634003, 	80.939995
27, 	0.538500, 	84.019997
28, 	0.484203, 	85.799995
29, 	1.204459, 	65.489998
30, 	0.642162, 	80.769997
31, 	0.551864, 	83.699997
32, 	0.504966, 	85.279999
33, 	0.462656, 	86.470001
34, 	0.431244, 	87.279999
35, 	0.406195, 	88.070000
36, 	0.942777, 	74.509995
37, 	0.548941, 	83.879997
38, 	0.496964, 	85.549995
39, 	1.471786, 	66.040001
40, 	0.683769, 	80.199997
41, 	2.559006, 	54.889999
42, 	0.800133, 	77.290001
43, 	2.666377, 	55.750000
44, 	8.042410, 	35.969997
45, 	1.114958, 	72.029999
46, 	0.697833, 	80.290001
47, 	0.569668, 	83.919998
48, 	0.500454, 	85.739998
49, 	0.458596, 	86.829994
50, 	1.560057, 	62.239998
