1, 	2.245385, 	27.209999
2, 	2.138950, 	49.230000
3, 	1.873372, 	70.239998
4, 	1.271605, 	77.529999
5, 	0.773154, 	82.509995
6, 	0.568425, 	86.209999
7, 	0.472632, 	87.680000
8, 	0.421156, 	88.639999
9, 	0.390250, 	89.209999
10, 	0.368249, 	89.579994
11, 	0.351176, 	89.979996
12, 	0.336918, 	90.430000
13, 	0.324543, 	90.680000
14, 	0.313755, 	90.959999
15, 	0.304330, 	91.189995
16, 	0.295445, 	91.439995
17, 	0.287677, 	91.699997
18, 	0.280490, 	91.959999
19, 	0.273852, 	92.220001
20, 	0.267613, 	92.329994
21, 	0.261559, 	92.570000
22, 	0.255738, 	92.639999
23, 	0.250319, 	92.720001
24, 	0.245183, 	92.860001
25, 	0.240385, 	93.079994
26, 	0.235421, 	93.209999
27, 	0.230785, 	93.349998
28, 	0.226411, 	93.449997
29, 	0.222387, 	93.540001
30, 	0.218371, 	93.689995
31, 	0.214469, 	93.769997
32, 	0.210822, 	93.939995
33, 	0.207352, 	94.059998
34, 	0.203927, 	94.189995
35, 	0.200646, 	94.189995
36, 	0.197346, 	94.220001
37, 	0.194263, 	94.299995
38, 	0.191236, 	94.379997
39, 	0.188210, 	94.459999
40, 	0.185361, 	94.540001
41, 	0.182390, 	94.629997
42, 	0.180084, 	94.769997
43, 	0.177500, 	94.820000
44, 	0.174828, 	94.939995
45, 	0.172320, 	95.009995
46, 	0.169896, 	94.989998
47, 	0.167612, 	95.099998
48, 	0.165470, 	95.149994
49, 	0.163120, 	95.269997
50, 	0.160735, 	95.389999
