1, 	2.254140, 	22.740000
2, 	2.169812, 	45.169998
3, 	1.972793, 	65.689995
4, 	1.493446, 	75.689995
5, 	0.924194, 	80.299995
6, 	0.654572, 	84.409996
7, 	0.534117, 	86.529999
8, 	0.467470, 	87.759995
9, 	0.426842, 	88.559998
10, 	0.398685, 	88.959999
11, 	0.376830, 	89.489998
12, 	0.358672, 	89.839996
13, 	0.341802, 	90.379997
14, 	0.326777, 	90.739998
15, 	0.312886, 	91.059998
16, 	0.299593, 	91.399994
17, 	0.287986, 	91.790001
18, 	0.277311, 	92.099998
19, 	0.267659, 	92.389999
20, 	0.258430, 	92.570000
21, 	0.250415, 	92.790001
22, 	0.242854, 	93.029999
23, 	0.235810, 	93.269997
24, 	0.229288, 	93.500000
25, 	0.223029, 	93.610001
26, 	0.216864, 	93.790001
27, 	0.210906, 	94.009995
28, 	0.205718, 	94.139999
29, 	0.200781, 	94.349998
30, 	0.195687, 	94.430000
31, 	0.190976, 	94.519997
32, 	0.186736, 	94.729996
33, 	0.182275, 	94.769997
34, 	0.178069, 	94.820000
35, 	0.174294, 	94.979996
36, 	0.170187, 	95.049995
37, 	0.166475, 	95.239998
38, 	0.163255, 	95.349998
39, 	0.159648, 	95.379997
40, 	0.156562, 	95.439995
41, 	0.153359, 	95.619995
42, 	0.150554, 	95.699997
43, 	0.147706, 	95.769997
44, 	0.144616, 	95.739998
45, 	0.141951, 	95.839996
46, 	0.139129, 	95.849998
47, 	0.136723, 	95.949997
48, 	0.134132, 	96.009995
49, 	0.131721, 	96.059998
50, 	0.129123, 	96.139999
