1, 	2.296854, 	13.440000
2, 	2.289233, 	14.969999
3, 	2.282180, 	17.250000
4, 	2.272245, 	20.070000
5, 	2.254690, 	24.570000
6, 	2.232753, 	31.549999
7, 	2.213729, 	37.709999
8, 	2.176655, 	43.320000
9, 	2.115777, 	46.959999
10, 	2.058626, 	53.049999
11, 	1.962757, 	59.169998
12, 	1.871962, 	62.739998
13, 	1.742876, 	66.949997
14, 	1.570037, 	70.309998
15, 	1.353873, 	72.040001
16, 	1.204333, 	73.080002
17, 	0.936448, 	74.909996
18, 	0.767906, 	76.449997
19, 	0.664570, 	77.869995
20, 	0.609468, 	79.500000
21, 	0.576399, 	81.199997
22, 	0.562533, 	82.070000
23, 	0.542935, 	83.739998
24, 	0.529973, 	84.779999
25, 	0.511338, 	85.970001
26, 	0.498873, 	86.729996
27, 	0.486250, 	87.430000
28, 	0.474720, 	88.180000
29, 	0.474383, 	88.269997
30, 	0.465249, 	88.570000
31, 	0.448720, 	89.019997
32, 	0.443258, 	89.339996
33, 	0.423193, 	89.290001
34, 	0.400109, 	89.689995
35, 	0.381859, 	90.000000
36, 	0.368216, 	90.250000
37, 	0.348858, 	90.540001
38, 	0.332850, 	90.869995
39, 	0.321739, 	90.979996
40, 	0.302838, 	91.379997
41, 	0.286308, 	91.729996
42, 	0.276030, 	91.970001
43, 	0.269206, 	92.089996
44, 	0.262828, 	92.149994
45, 	0.255860, 	92.470001
46, 	0.247771, 	92.689995
47, 	0.240455, 	92.860001
48, 	0.236242, 	93.070000
49, 	0.232185, 	93.139999
50, 	0.227721, 	93.299995
