1, 	2.271340, 	19.430000
2, 	2.228342, 	34.809998
3, 	2.156588, 	47.129997
4, 	2.027255, 	63.169998
5, 	1.786702, 	71.849998
6, 	1.419793, 	76.669998
7, 	1.063129, 	80.250000
8, 	0.819996, 	83.129997
9, 	0.671221, 	85.139999
10, 	0.577961, 	86.559998
11, 	0.515840, 	87.379997
12, 	0.471744, 	88.000000
13, 	0.439072, 	88.509995
14, 	0.413951, 	89.000000
15, 	0.393307, 	89.259995
16, 	0.374968, 	89.610001
17, 	0.358760, 	89.989998
18, 	0.343662, 	90.290001
19, 	0.329497, 	90.639999
20, 	0.316060, 	90.869995
21, 	0.303699, 	91.239998
22, 	0.292209, 	91.689995
23, 	0.281915, 	91.949997
24, 	0.272610, 	92.259995
25, 	0.263982, 	92.529999
26, 	0.255808, 	92.680000
27, 	0.248158, 	92.930000
28, 	0.241475, 	93.099998
29, 	0.235255, 	93.290001
30, 	0.228929, 	93.449997
31, 	0.223271, 	93.599998
32, 	0.218079, 	93.779999
33, 	0.212519, 	93.919998
34, 	0.207329, 	94.049995
35, 	0.202821, 	94.269997
36, 	0.197637, 	94.349998
37, 	0.193017, 	94.559998
38, 	0.188943, 	94.669998
39, 	0.184574, 	94.680000
40, 	0.180594, 	94.769997
41, 	0.176674, 	94.939995
42, 	0.173199, 	95.000000
43, 	0.169648, 	95.110001
44, 	0.165952, 	95.239998
45, 	0.162610, 	95.329994
46, 	0.159188, 	95.489998
47, 	0.156223, 	95.599998
48, 	0.153236, 	95.610001
49, 	0.150249, 	95.669998
50, 	0.147115, 	95.820000
