1, 	2.266152, 	20.129999
2, 	2.213352, 	40.189999
3, 	2.119865, 	53.689999
4, 	1.938823, 	69.049995
5, 	1.597848, 	75.699997
6, 	1.171759, 	79.529999
7, 	0.859023, 	82.529999
8, 	0.675795, 	85.150002
9, 	0.567249, 	86.729996
10, 	0.498369, 	87.699997
11, 	0.451210, 	88.430000
12, 	0.417006, 	88.930000
13, 	0.390802, 	89.379997
14, 	0.370088, 	89.820000
15, 	0.353114, 	90.089996
16, 	0.338458, 	90.419998
17, 	0.325959, 	90.689995
18, 	0.314736, 	90.919998
19, 	0.304756, 	91.209999
20, 	0.295498, 	91.470001
21, 	0.287245, 	91.839996
22, 	0.279457, 	92.049995
23, 	0.272365, 	92.239998
24, 	0.265737, 	92.329994
25, 	0.259532, 	92.500000
26, 	0.253300, 	92.680000
27, 	0.247351, 	92.869995
28, 	0.241957, 	93.059998
29, 	0.237005, 	93.269997
30, 	0.232062, 	93.369995
31, 	0.227308, 	93.519997
32, 	0.222949, 	93.659996
33, 	0.218491, 	93.759995
34, 	0.214148, 	93.879997
35, 	0.210247, 	93.989998
36, 	0.206065, 	94.110001
37, 	0.202188, 	94.269997
38, 	0.198639, 	94.430000
39, 	0.194918, 	94.439995
40, 	0.191469, 	94.529999
41, 	0.188113, 	94.649994
42, 	0.185055, 	94.699997
43, 	0.181864, 	94.759995
44, 	0.178689, 	94.839996
45, 	0.175589, 	94.899994
46, 	0.172558, 	94.930000
47, 	0.169784, 	94.989998
48, 	0.167060, 	95.129997
49, 	0.164272, 	95.209999
50, 	0.161362, 	95.379997
