1, 	2.262466, 	21.059999
2, 	2.192734, 	43.020000
3, 	2.034690, 	61.570000
4, 	1.618044, 	73.909996
5, 	1.001440, 	79.459999
6, 	0.688316, 	83.709999
7, 	0.551661, 	86.239998
8, 	0.476717, 	87.629997
9, 	0.428655, 	88.669998
10, 	0.396015, 	89.209999
11, 	0.371948, 	89.739998
12, 	0.352540, 	90.019997
13, 	0.336007, 	90.389999
14, 	0.322217, 	90.790001
15, 	0.310489, 	91.040001
16, 	0.299902, 	91.369995
17, 	0.290591, 	91.680000
18, 	0.282031, 	91.979996
19, 	0.274125, 	92.209999
20, 	0.266472, 	92.379997
21, 	0.259598, 	92.610001
22, 	0.252960, 	92.659996
23, 	0.246931, 	92.799995
24, 	0.241187, 	93.000000
25, 	0.235923, 	93.220001
26, 	0.230359, 	93.409996
27, 	0.224950, 	93.639999
28, 	0.220183, 	93.720001
29, 	0.215765, 	93.839996
30, 	0.211336, 	93.970001
31, 	0.206798, 	94.129997
32, 	0.202940, 	94.279999
33, 	0.198826, 	94.369995
34, 	0.194840, 	94.470001
35, 	0.191314, 	94.570000
36, 	0.187418, 	94.639999
37, 	0.183864, 	94.750000
38, 	0.180572, 	94.779999
39, 	0.177107, 	94.869995
40, 	0.173976, 	94.930000
41, 	0.170904, 	94.989998
42, 	0.168176, 	95.079994
43, 	0.165381, 	95.180000
44, 	0.162556, 	95.259995
45, 	0.159759, 	95.369995
46, 	0.157030, 	95.419998
47, 	0.154574, 	95.509995
48, 	0.152134, 	95.579994
49, 	0.149732, 	95.639999
50, 	0.147143, 	95.709999
