1, 	2.255116, 	23.129999
2, 	2.170437, 	45.480000
3, 	1.975096, 	66.479996
4, 	1.491625, 	75.659996
5, 	0.923980, 	80.400002
6, 	0.651514, 	84.629997
7, 	0.525000, 	86.779999
8, 	0.460780, 	87.959999
9, 	0.412094, 	88.989998
10, 	0.383034, 	89.430000
11, 	0.365654, 	89.820000
12, 	0.347239, 	90.189995
13, 	0.332931, 	90.509995
14, 	0.320728, 	90.790001
15, 	0.310107, 	91.009995
16, 	0.301016, 	91.349998
17, 	0.292688, 	91.610001
18, 	0.284835, 	91.860001
19, 	0.278042, 	92.139999
20, 	0.271335, 	92.329994
21, 	0.264663, 	92.479996
22, 	0.258597, 	92.489998
23, 	0.253035, 	92.669998
24, 	0.247969, 	92.759995
25, 	0.243310, 	92.970001
26, 	0.238188, 	93.139999
27, 	0.233389, 	93.299995
28, 	0.228828, 	93.439995
29, 	0.224638, 	93.579994
30, 	0.220627, 	93.639999
31, 	0.216392, 	93.769997
32, 	0.212648, 	93.959999
33, 	0.209055, 	94.049995
34, 	0.205725, 	94.239998
35, 	0.202502, 	94.239998
36, 	0.198679, 	94.389999
37, 	0.195735, 	94.430000
38, 	0.192562, 	94.540001
39, 	0.189407, 	94.610001
40, 	0.186611, 	94.669998
41, 	0.183601, 	94.759995
42, 	0.181125, 	94.829994
43, 	0.178374, 	94.869995
44, 	0.175645, 	94.949997
45, 	0.172920, 	95.029999
46, 	0.170118, 	95.059998
47, 	0.167828, 	95.159996
48, 	0.165824, 	95.229996
49, 	0.163236, 	95.349998
50, 	0.160770, 	95.430000
