1, 	2.261738, 	20.910000
2, 	2.198370, 	43.629997
3, 	2.074482, 	59.949997
4, 	1.806505, 	71.820000
5, 	1.330659, 	77.639999
6, 	0.909454, 	81.389999
7, 	0.682904, 	84.509995
8, 	0.561867, 	86.459999
9, 	0.490053, 	87.720001
10, 	0.443378, 	88.379997
11, 	0.410181, 	88.979996
12, 	0.385240, 	89.439995
13, 	0.365440, 	89.860001
14, 	0.349320, 	90.180000
15, 	0.335775, 	90.430000
16, 	0.323774, 	90.790001
17, 	0.313445, 	90.959999
18, 	0.304016, 	91.209999
19, 	0.295528, 	91.449997
20, 	0.287597, 	91.779999
21, 	0.280447, 	92.000000
22, 	0.273567, 	92.290001
23, 	0.267255, 	92.339996
24, 	0.261325, 	92.470001
25, 	0.255790, 	92.570000
26, 	0.250220, 	92.820000
27, 	0.244863, 	92.979996
28, 	0.239964, 	93.099998
29, 	0.235473, 	93.250000
30, 	0.230953, 	93.439995
31, 	0.226630, 	93.540001
32, 	0.222669, 	93.649994
33, 	0.218631, 	93.769997
34, 	0.214663, 	93.879997
35, 	0.211088, 	93.989998
36, 	0.207256, 	94.070000
37, 	0.203665, 	94.229996
38, 	0.200390, 	94.369995
39, 	0.196966, 	94.399994
40, 	0.193788, 	94.509995
41, 	0.190660, 	94.549995
42, 	0.187870, 	94.659996
43, 	0.184933, 	94.680000
44, 	0.181991, 	94.759995
45, 	0.179120, 	94.829994
46, 	0.176294, 	94.879997
47, 	0.173725, 	94.939995
48, 	0.171222, 	95.049995
49, 	0.168603, 	95.099998
50, 	0.165879, 	95.220001
