1, 	2.250766, 	24.500000
2, 	2.158393, 	47.639999
3, 	1.937676, 	68.080002
4, 	1.411629, 	76.549995
5, 	0.862388, 	81.250000
6, 	0.618980, 	85.199997
7, 	0.508352, 	87.159996
8, 	0.446241, 	88.199997
9, 	0.407242, 	89.009995
10, 	0.380040, 	89.430000
11, 	0.359473, 	89.879997
12, 	0.343111, 	90.339996
13, 	0.329425, 	90.610001
14, 	0.317931, 	90.849998
15, 	0.307970, 	91.070000
16, 	0.298869, 	91.329994
17, 	0.291121, 	91.570000
18, 	0.283940, 	91.809998
19, 	0.277317, 	92.139999
20, 	0.271188, 	92.239998
21, 	0.265609, 	92.399994
22, 	0.260106, 	92.500000
23, 	0.255143, 	92.619995
24, 	0.250401, 	92.709999
25, 	0.246015, 	92.889999
26, 	0.241749, 	93.019997
27, 	0.237607, 	93.119995
28, 	0.233727, 	93.299995
29, 	0.230220, 	93.409996
30, 	0.226656, 	93.489998
31, 	0.223329, 	93.610001
32, 	0.220240, 	93.709999
33, 	0.217163, 	93.779999
34, 	0.214149, 	93.839996
35, 	0.211359, 	93.939995
36, 	0.208567, 	94.040001
37, 	0.205814, 	94.110001
38, 	0.203269, 	94.180000
39, 	0.200751, 	94.259995
40, 	0.198342, 	94.320000
41, 	0.195881, 	94.389999
42, 	0.193807, 	94.419998
43, 	0.191506, 	94.479996
44, 	0.189295, 	94.540001
45, 	0.187175, 	94.599998
46, 	0.185224, 	94.610001
47, 	0.183305, 	94.680000
48, 	0.181450, 	94.720001
49, 	0.179538, 	94.739998
50, 	0.177591, 	94.790001
