1, 	2.297604, 	13.290000
2, 	2.291333, 	14.589999
3, 	2.281700, 	16.799999
4, 	2.268284, 	19.879999
5, 	2.250448, 	25.150000
6, 	2.227262, 	35.070000
7, 	2.197505, 	42.759998
8, 	2.159292, 	45.160000
9, 	2.109609, 	49.279999
10, 	2.043766, 	55.770000
11, 	1.955067, 	60.639999
12, 	1.835515, 	65.330002
13, 	1.678216, 	69.110001
14, 	1.482744, 	71.790001
15, 	1.262386, 	73.650002
16, 	1.045099, 	75.180000
17, 	0.862108, 	76.529999
18, 	0.728694, 	77.790001
19, 	0.640876, 	79.279999
20, 	0.586212, 	80.860001
21, 	0.552645, 	82.259995
22, 	0.531933, 	83.500000
23, 	0.518666, 	84.729996
24, 	0.509232, 	85.659996
25, 	0.501005, 	86.279999
26, 	0.492793, 	86.849998
27, 	0.483366, 	87.540001
28, 	0.472885, 	88.079994
29, 	0.461496, 	88.529999
30, 	0.449161, 	88.909996
31, 	0.435911, 	89.209999
32, 	0.421752, 	89.540001
33, 	0.406676, 	89.790001
34, 	0.390841, 	90.000000
35, 	0.374846, 	90.209999
36, 	0.358964, 	90.479996
37, 	0.343424, 	90.680000
38, 	0.328612, 	90.849998
39, 	0.314709, 	91.040001
40, 	0.302053, 	91.349998
41, 	0.290713, 	91.689995
42, 	0.280583, 	91.949997
43, 	0.271357, 	92.129997
44, 	0.262953, 	92.409996
45, 	0.255325, 	92.489998
46, 	0.248277, 	92.589996
47, 	0.241823, 	92.839996
48, 	0.235983, 	93.019997
49, 	0.230669, 	93.089996
50, 	0.225700, 	93.239998
