1, 	2.255528, 	22.849998
2, 	2.167310, 	45.570000
3, 	1.945866, 	67.259995
4, 	1.404033, 	76.269997
5, 	0.841071, 	81.519997
6, 	0.602363, 	85.610001
7, 	0.498305, 	87.189995
8, 	0.440694, 	88.309998
9, 	0.403135, 	89.040001
10, 	0.376439, 	89.579994
11, 	0.355950, 	90.059998
12, 	0.338419, 	90.239998
13, 	0.324094, 	90.619995
14, 	0.311289, 	91.089996
15, 	0.300434, 	91.320000
16, 	0.290236, 	91.689995
17, 	0.281275, 	91.949997
18, 	0.272986, 	92.129997
19, 	0.265664, 	92.279999
20, 	0.258619, 	92.509995
21, 	0.251796, 	92.720001
22, 	0.245189, 	92.869995
23, 	0.239139, 	93.059998
24, 	0.233240, 	93.329994
25, 	0.227805, 	93.419998
26, 	0.222089, 	93.750000
27, 	0.216847, 	93.779999
28, 	0.212076, 	93.919998
29, 	0.207489, 	94.000000
30, 	0.202594, 	94.239998
31, 	0.198464, 	94.329994
32, 	0.194352, 	94.479996
33, 	0.190150, 	94.610001
34, 	0.186187, 	94.570000
35, 	0.182842, 	94.699997
36, 	0.178780, 	94.769997
37, 	0.175405, 	94.879997
38, 	0.172242, 	94.959999
39, 	0.168914, 	95.119995
40, 	0.165695, 	95.169998
41, 	0.162701, 	95.269997
42, 	0.160014, 	95.379997
43, 	0.157345, 	95.449997
44, 	0.154598, 	95.519997
45, 	0.151852, 	95.619995
46, 	0.149199, 	95.709999
47, 	0.146904, 	95.759995
48, 	0.144534, 	95.779999
49, 	0.142203, 	95.829994
50, 	0.139797, 	95.889999
