1, 	2.257429, 	18.740000
2, 	2.165478, 	44.110001
3, 	2.089626, 	60.430000
4, 	1.969288, 	66.889999
5, 	1.441763, 	76.180000
6, 	0.859808, 	80.779999
7, 	0.679320, 	83.209999
8, 	0.610081, 	85.059998
9, 	0.532545, 	86.339996
10, 	0.483944, 	87.169998
11, 	0.444215, 	87.809998
12, 	0.426544, 	88.150002
13, 	0.405904, 	88.959999
14, 	0.394724, 	88.610001
15, 	0.393082, 	88.669998
16, 	0.379664, 	89.079994
17, 	0.384293, 	88.829994
18, 	0.395029, 	88.709999
19, 	0.372908, 	89.339996
20, 	0.358834, 	89.889999
21, 	0.361537, 	89.709999
22, 	0.349945, 	90.059998
23, 	0.340952, 	90.320000
24, 	0.333645, 	90.439995
25, 	0.332807, 	90.589996
26, 	0.336407, 	90.529999
27, 	0.324835, 	90.959999
28, 	0.316327, 	91.119995
29, 	0.324456, 	90.860001
30, 	0.312243, 	91.239998
31, 	0.320604, 	90.989998
32, 	0.329143, 	90.669998
33, 	0.315948, 	91.220001
34, 	0.329768, 	90.869995
35, 	0.316521, 	91.149994
36, 	0.306258, 	91.290001
37, 	0.304499, 	91.500000
38, 	0.311981, 	91.269997
39, 	0.326484, 	90.799995
40, 	0.308934, 	91.339996
41, 	0.316846, 	91.000000
42, 	0.327896, 	90.779999
43, 	0.303363, 	91.439995
44, 	0.296405, 	91.669998
45, 	0.300122, 	91.129997
46, 	0.315339, 	90.619995
47, 	0.292675, 	91.360001
48, 	0.302584, 	91.220001
49, 	0.305686, 	90.970001
50, 	0.290640, 	91.389999
