1, 	2.244866, 	35.169998
2, 	2.139489, 	53.209999
3, 	1.875787, 	69.869995
4, 	1.280428, 	77.610001
5, 	0.788265, 	82.000000
6, 	0.581927, 	85.299995
7, 	0.481706, 	87.229996
8, 	0.425330, 	88.419998
9, 	0.401730, 	88.419998
10, 	0.384421, 	89.110001
11, 	0.356446, 	89.699997
12, 	0.353382, 	89.639999
13, 	0.338504, 	90.009995
14, 	0.339387, 	90.099998
15, 	0.333061, 	90.309998
16, 	0.317100, 	90.549995
17, 	0.307727, 	90.829994
18, 	0.304254, 	91.199997
19, 	0.291687, 	91.360001
20, 	0.288654, 	91.639999
21, 	0.288243, 	91.509995
22, 	0.276057, 	91.949997
23, 	0.276676, 	91.930000
24, 	0.272192, 	92.029999
25, 	0.271421, 	92.299995
26, 	0.268076, 	92.269997
27, 	0.257927, 	92.299995
28, 	0.256701, 	92.459999
29, 	0.251895, 	92.649994
30, 	0.250756, 	92.619995
31, 	0.246343, 	92.739998
32, 	0.241022, 	92.970001
33, 	0.238546, 	92.889999
34, 	0.237835, 	93.059998
35, 	0.232728, 	93.149994
36, 	0.229053, 	93.189995
37, 	0.227449, 	93.259995
38, 	0.226477, 	93.449997
39, 	0.222524, 	93.489998
40, 	0.220543, 	93.529999
41, 	0.219328, 	93.500000
42, 	0.215845, 	93.649994
43, 	0.214260, 	93.699997
44, 	0.211534, 	93.739998
45, 	0.209599, 	93.889999
46, 	0.207195, 	93.949997
47, 	0.205903, 	94.009995
48, 	0.205275, 	94.009995
49, 	0.203260, 	94.059998
50, 	0.201868, 	94.040001
