1, 	2.247718, 	25.869999
2, 	2.147100, 	49.230000
3, 	1.899106, 	69.500000
4, 	1.321095, 	76.909996
5, 	0.801467, 	82.150002
6, 	0.585920, 	85.849998
7, 	0.487036, 	87.529999
8, 	0.431874, 	88.409996
9, 	0.398033, 	89.019997
10, 	0.374978, 	89.400002
11, 	0.358340, 	89.879997
12, 	0.345771, 	90.129997
13, 	0.335640, 	90.389999
14, 	0.328045, 	90.529999
15, 	0.321387, 	90.669998
16, 	0.315766, 	90.809998
17, 	0.310792, 	90.899994
18, 	0.305811, 	91.079994
19, 	0.301509, 	91.279999
20, 	0.297907, 	91.449997
21, 	0.294627, 	91.519997
22, 	0.291528, 	91.629997
23, 	0.288760, 	91.720001
24, 	0.286518, 	91.809998
25, 	0.283908, 	91.919998
26, 	0.281616, 	91.970001
27, 	0.278397, 	92.070000
28, 	0.276642, 	92.159996
29, 	0.273928, 	92.220001
30, 	0.270828, 	92.250000
31, 	0.269390, 	92.279999
32, 	0.266438, 	92.419998
33, 	0.265581, 	92.479996
34, 	0.263234, 	92.519997
35, 	0.260404, 	92.570000
36, 	0.257792, 	92.639999
37, 	0.255945, 	92.659996
38, 	0.254828, 	92.680000
39, 	0.253767, 	92.739998
40, 	0.251063, 	92.820000
41, 	0.248727, 	92.909996
42, 	0.248257, 	92.919998
43, 	0.247131, 	92.919998
44, 	0.244632, 	93.029999
45, 	0.244636, 	93.079994
46, 	0.242566, 	93.139999
47, 	0.240463, 	93.169998
48, 	0.240133, 	93.159996
49, 	0.237710, 	93.239998
50, 	0.237294, 	93.259995
