1, 	0.857638, 	83.180000
2, 	0.351047, 	90.669998
3, 	0.261558, 	92.610001
4, 	0.214772, 	93.779999
5, 	0.183385, 	94.619995
6, 	0.160077, 	95.059998
7, 	0.142041, 	95.689995
8, 	0.128079, 	96.089996
9, 	0.117381, 	96.419998
10, 	0.107156, 	96.769997
11, 	0.099887, 	96.970001
12, 	0.093791, 	97.139999
13, 	0.088753, 	97.360001
14, 	0.084246, 	97.439995
15, 	0.080058, 	97.570000
16, 	0.076902, 	97.689995
17, 	0.074484, 	97.689995
18, 	0.071526, 	97.790001
19, 	0.069033, 	97.720001
20, 	0.066757, 	97.879997
21, 	0.064806, 	97.919998
22, 	0.063128, 	97.989998
23, 	0.061612, 	97.979996
24, 	0.060250, 	98.070000
25, 	0.058884, 	98.119995
26, 	0.057640, 	98.139999
27, 	0.056576, 	98.209999
28, 	0.055314, 	98.239998
29, 	0.054367, 	98.250000
30, 	0.053108, 	98.320000
31, 	0.052143, 	98.299995
32, 	0.051453, 	98.309998
33, 	0.050802, 	98.349998
34, 	0.049999, 	98.369995
35, 	0.049821, 	98.349998
36, 	0.049246, 	98.369995
37, 	0.048632, 	98.379997
38, 	0.047866, 	98.409996
39, 	0.047298, 	98.430000
40, 	0.046514, 	98.449997
41, 	0.046177, 	98.449997
42, 	0.045692, 	98.479996
43, 	0.045431, 	98.479996
44, 	0.044807, 	98.509995
45, 	0.044312, 	98.500000
46, 	0.043935, 	98.509995
47, 	0.043621, 	98.519997
48, 	0.043189, 	98.529999
49, 	0.042781, 	98.509995
50, 	0.042517, 	98.540001
