1, 	0.684929, 	84.759995
2, 	0.334484, 	90.349998
3, 	0.271252, 	91.989998
4, 	0.245416, 	92.839996
5, 	0.240670, 	92.930000
6, 	0.242556, 	92.869995
7, 	0.245284, 	92.829994
8, 	0.247513, 	92.739998
9, 	0.256772, 	92.419998
10, 	0.262950, 	92.250000
11, 	0.267396, 	92.139999
12, 	0.274266, 	91.879997
13, 	0.281833, 	91.589996
14, 	0.286877, 	91.439995
15, 	0.292060, 	91.329994
16, 	0.297853, 	91.009995
17, 	0.304009, 	90.769997
18, 	0.310359, 	90.610001
19, 	0.314849, 	90.489998
20, 	0.318852, 	90.320000
21, 	0.326510, 	90.089996
22, 	0.330905, 	89.900002
23, 	0.334808, 	89.739998
24, 	0.298850, 	90.889999
25, 	0.310721, 	90.489998
26, 	0.318934, 	90.299995
27, 	0.314294, 	90.500000
28, 	0.322102, 	90.250000
29, 	0.327541, 	90.019997
30, 	0.331597, 	89.930000
31, 	0.335077, 	89.809998
32, 	0.339875, 	89.689995
33, 	0.169539, 	95.099998
34, 	0.174702, 	94.939995
35, 	0.180681, 	94.669998
36, 	0.187883, 	94.449997
37, 	0.196003, 	94.089996
38, 	0.200756, 	93.959999
39, 	0.204290, 	93.889999
40, 	0.210291, 	93.699997
41, 	0.216046, 	93.529999
42, 	0.223354, 	93.279999
43, 	0.227558, 	93.139999
44, 	0.231889, 	92.930000
45, 	0.234464, 	92.829994
46, 	0.238389, 	92.720001
47, 	0.240786, 	92.589996
48, 	0.240256, 	92.629997
49, 	0.208720, 	93.709999
50, 	0.212438, 	93.570000
