1, 	0.968362, 	82.329994
2, 	0.375066, 	90.320000
3, 	0.278255, 	92.320000
4, 	0.233964, 	93.290001
5, 	0.203978, 	93.959999
6, 	0.180985, 	94.619995
7, 	0.164120, 	95.199997
8, 	0.149521, 	95.570000
9, 	0.138346, 	95.820000
10, 	0.127400, 	96.129997
11, 	0.119051, 	96.290001
12, 	0.111413, 	96.489998
13, 	0.104591, 	96.680000
14, 	0.100366, 	96.869995
15, 	0.095470, 	96.979996
16, 	0.090696, 	97.149994
17, 	0.086618, 	97.339996
18, 	0.083324, 	97.399994
19, 	0.080368, 	97.470001
20, 	0.077514, 	97.549995
21, 	0.075344, 	97.599998
22, 	0.072769, 	97.619995
23, 	0.070726, 	97.659996
24, 	0.068711, 	97.699997
25, 	0.066926, 	97.729996
26, 	0.065100, 	97.860001
27, 	0.063576, 	97.989998
28, 	0.062129, 	97.939995
29, 	0.060921, 	97.959999
30, 	0.059489, 	98.019997
31, 	0.058533, 	98.079994
32, 	0.057671, 	98.129997
33, 	0.056667, 	98.099998
34, 	0.055675, 	98.199997
35, 	0.054861, 	98.199997
36, 	0.054114, 	98.269997
37, 	0.053154, 	98.290001
38, 	0.052554, 	98.360001
39, 	0.051824, 	98.329994
40, 	0.051305, 	98.389999
41, 	0.050796, 	98.379997
42, 	0.050100, 	98.419998
43, 	0.049697, 	98.430000
44, 	0.049161, 	98.449997
45, 	0.048597, 	98.449997
46, 	0.048120, 	98.439995
47, 	0.047652, 	98.470001
48, 	0.047123, 	98.479996
49, 	0.046775, 	98.500000
50, 	0.046545, 	98.489998
