1, 	2.282443, 	8.860000
2, 	2.251619, 	13.630000
3, 	2.210393, 	19.020000
4, 	2.158930, 	25.170000
5, 	2.099071, 	32.689999
6, 	2.031436, 	42.989998
7, 	1.956163, 	53.020000
8, 	1.876469, 	61.750000
9, 	1.791759, 	67.479996
10, 	1.703835, 	71.199997
11, 	1.616184, 	73.900002
12, 	1.529097, 	76.519997
13, 	1.441115, 	78.449997
14, 	1.358439, 	80.049995
15, 	1.358439, 	80.049995
16, 	1.358439, 	80.049995
17, 	1.277661, 	81.470001
18, 	1.277661, 	81.470001
19, 	1.277661, 	81.470001
20, 	1.199018, 	83.040001
21, 	1.123363, 	84.419998
22, 	1.052195, 	85.250000
23, 	0.987310, 	86.159996
24, 	0.926629, 	86.769997
25, 	0.926629, 	86.769997
26, 	0.926629, 	86.769997
27, 	0.869845, 	87.400002
28, 	0.819796, 	87.629997
29, 	0.819796, 	87.629997
30, 	0.771582, 	88.309998
31, 	0.771582, 	88.309998
32, 	0.728181, 	88.709999
33, 	0.728181, 	88.709999
34, 	0.728181, 	88.709999
35, 	0.685816, 	89.129997
36, 	0.647861, 	89.459999
37, 	0.615857, 	89.619995
38, 	0.615857, 	89.619995
39, 	0.615857, 	89.619995
40, 	0.584287, 	89.939995
41, 	0.557229, 	90.119995
42, 	0.532105, 	90.290001
43, 	0.508487, 	90.579994
44, 	0.508487, 	90.579994
45, 	0.486827, 	90.729996
46, 	0.466843, 	90.919998
47, 	0.449542, 	91.009995
48, 	0.432774, 	91.089996
49, 	0.432774, 	91.089996
50, 	0.432774, 	91.089996

