1, 	2.282591, 	13.589999
2, 	2.254717, 	25.420000
3, 	2.217729, 	39.369999
4, 	2.171156, 	51.439999
5, 	2.115384, 	61.539997
6, 	2.050339, 	68.879997
7, 	1.977056, 	72.459999
8, 	1.897030, 	76.589996
9, 	1.813133, 	79.650002
10, 	1.725004, 	82.220001
11, 	1.634603, 	84.299995
12, 	1.542852, 	85.750000
13, 	1.453289, 	86.860001
14, 	1.365733, 	87.619995
15, 	1.278318, 	88.259995
16, 	1.196325, 	88.629997
17, 	1.117513, 	88.939995
18, 	1.045270, 	89.339996
19, 	0.977036, 	89.650002
20, 	0.913860, 	89.759995
21, 	0.853258, 	90.159996
22, 	0.798376, 	90.540001
23, 	0.748904, 	90.820000
24, 	0.704248, 	91.009995
25, 	0.661867, 	91.199997
26, 	0.623349, 	91.360001
27, 	0.589223, 	91.559998
28, 	0.558557, 	91.629997
29, 	0.530267, 	91.739998
30, 	0.503774, 	91.909996
31, 	0.480243, 	92.059998
32, 	0.458784, 	92.199997
33, 	0.439860, 	92.329994
34, 	0.421199, 	92.489998
35, 	0.404623, 	92.529999
36, 	0.388684, 	92.649994
37, 	0.374562, 	92.759995
38, 	0.362059, 	92.799995
39, 	0.349940, 	92.930000
40, 	0.339532, 	92.979996
41, 	0.328885, 	93.079994
42, 	0.319684, 	93.169998
43, 	0.311078, 	93.250000
44, 	0.303105, 	93.339996
45, 	0.295640, 	93.389999
46, 	0.288638, 	93.419998
47, 	0.281772, 	93.509995
48, 	0.275414, 	93.529999
49, 	0.269821, 	93.579994
50, 	0.264257, 	93.589996
