1, 	0.572371, 	86.869995
2, 	0.292058, 	91.669998
3, 	0.223898, 	93.479996
4, 	0.184394, 	94.489998
5, 	0.156959, 	95.299995
6, 	0.135625, 	95.889999
7, 	0.120481, 	96.449997
8, 	0.106897, 	96.799995
9, 	0.097477, 	97.139999
10, 	0.090395, 	97.369995
11, 	0.082751, 	97.559998
12, 	0.077512, 	97.659996
13, 	0.071990, 	97.809998
14, 	0.069143, 	97.919998
15, 	0.065539, 	97.970001
16, 	0.063133, 	97.939995
17, 	0.059884, 	98.089996
18, 	0.057776, 	98.129997
19, 	0.055896, 	98.229996
20, 	0.054100, 	98.299995
21, 	0.052636, 	98.259995
22, 	0.050406, 	98.320000
23, 	0.049316, 	98.339996
24, 	0.048190, 	98.399994
25, 	0.047102, 	98.419998
26, 	0.045847, 	98.449997
27, 	0.044622, 	98.430000
28, 	0.043430, 	98.449997
29, 	0.042281, 	98.479996
30, 	0.042104, 	98.479996
31, 	0.041000, 	98.529999
32, 	0.040391, 	98.509995
33, 	0.039137, 	98.559998
34, 	0.039183, 	98.579994
35, 	0.038452, 	98.579994
36, 	0.037826, 	98.649994
37, 	0.037245, 	98.680000
38, 	0.036737, 	98.689995
39, 	0.036175, 	98.659996
40, 	0.035564, 	98.689995
41, 	0.035194, 	98.769997
42, 	0.034875, 	98.779999
43, 	0.034686, 	98.790001
44, 	0.034272, 	98.759995
45, 	0.034124, 	98.790001
46, 	0.033317, 	98.759995
47, 	0.033101, 	98.809998
48, 	0.032944, 	98.799995
49, 	0.032699, 	98.869995
50, 	0.032281, 	98.820000
