1, 	0.527804, 	85.689995
2, 	0.311047, 	90.769997
3, 	0.236006, 	93.159996
4, 	0.201922, 	93.909996
5, 	0.173721, 	94.809998
6, 	0.151392, 	95.409996
7, 	0.138037, 	95.899994
8, 	0.124778, 	96.139999
9, 	0.114330, 	96.669998
10, 	0.113682, 	96.409996
11, 	0.104736, 	96.849998
12, 	0.099606, 	96.849998
13, 	0.095182, 	97.070000
14, 	0.093687, 	97.059998
15, 	0.090294, 	97.180000
16, 	0.087933, 	97.189995
17, 	0.086993, 	97.269997
18, 	0.082776, 	97.369995
19, 	0.082426, 	97.439995
20, 	0.085970, 	97.339996
21, 	0.081079, 	97.309998
22, 	0.077652, 	97.430000
23, 	0.079045, 	97.430000
24, 	0.077058, 	97.470001
25, 	0.077810, 	97.470001
26, 	0.073619, 	97.599998
27, 	0.074637, 	97.579994
28, 	0.074297, 	97.570000
29, 	0.072570, 	97.669998
30, 	0.074913, 	97.599998
31, 	0.071742, 	97.669998
32, 	0.072945, 	97.629997
33, 	0.072327, 	97.729996
34, 	0.073336, 	97.639999
35, 	0.074263, 	97.669998
36, 	0.070816, 	97.750000
37, 	0.073631, 	97.639999
38, 	0.074974, 	97.659996
39, 	0.074120, 	97.689995
40, 	0.072068, 	97.750000
41, 	0.073454, 	97.689995
42, 	0.073326, 	97.709999
43, 	0.072817, 	97.659996
44, 	0.072151, 	97.699997
45, 	0.072627, 	97.649994
46, 	0.072756, 	97.689995
47, 	0.073218, 	97.720001
48, 	0.072956, 	97.729996
49, 	0.072208, 	97.729996
50, 	0.073504, 	97.729996
