1, 	0.586709, 	85.650002
2, 	0.313188, 	91.129997
3, 	0.243221, 	93.019997
4, 	0.203044, 	94.059998
5, 	0.172575, 	94.919998
6, 	0.150111, 	95.549995
7, 	0.130984, 	96.000000
8, 	0.117841, 	96.379997
9, 	0.105492, 	96.899994
10, 	0.097161, 	97.169998
11, 	0.088606, 	97.320000
12, 	0.082155, 	97.549995
13, 	0.076702, 	97.729996
14, 	0.071978, 	97.849998
15, 	0.067791, 	97.879997
16, 	0.064536, 	98.070000
17, 	0.061387, 	98.119995
18, 	0.058877, 	98.139999
19, 	0.056808, 	98.180000
20, 	0.055346, 	98.169998
21, 	0.053584, 	98.209999
22, 	0.051461, 	98.259995
23, 	0.049775, 	98.309998
24, 	0.048403, 	98.360001
25, 	0.047581, 	98.430000
26, 	0.046368, 	98.409996
27, 	0.045335, 	98.409996
28, 	0.044308, 	98.479996
29, 	0.043466, 	98.459999
30, 	0.042794, 	98.500000
31, 	0.042086, 	98.500000
32, 	0.041229, 	98.509995
33, 	0.040735, 	98.509995
34, 	0.040563, 	98.570000
35, 	0.039255, 	98.559998
36, 	0.038834, 	98.579994
37, 	0.038832, 	98.599998
38, 	0.037933, 	98.599998
39, 	0.037337, 	98.649994
40, 	0.037245, 	98.659996
41, 	0.036485, 	98.659996
42, 	0.036145, 	98.739998
43, 	0.036052, 	98.729996
44, 	0.035335, 	98.699997
45, 	0.035313, 	98.729996
46, 	0.035055, 	98.750000
47, 	0.034541, 	98.729996
48, 	0.034455, 	98.720001
49, 	0.033784, 	98.790001
50, 	0.033774, 	98.799995
