1, 	2.282981, 	14.059999
2, 	2.249634, 	22.279999
3, 	2.205192, 	34.779999
4, 	2.149636, 	48.340000
5, 	2.085016, 	57.989998
6, 	2.078937, 	54.529999
7, 	2.075889, 	51.349998
8, 	1.999534, 	61.349998
9, 	1.916462, 	68.540001
10, 	1.828052, 	74.570000
11, 	1.736359, 	78.519997
12, 	1.641823, 	81.029999
13, 	1.547137, 	83.479996
14, 	1.454439, 	84.970001
15, 	1.363108, 	86.129997
16, 	1.274727, 	87.159996
17, 	1.192032, 	87.739998
18, 	1.112196, 	88.110001
19, 	1.039388, 	88.689995
20, 	0.971409, 	88.989998
21, 	0.908617, 	89.309998
22, 	0.853139, 	89.639999
23, 	0.799895, 	89.930000
24, 	0.751162, 	90.220001
25, 	0.706895, 	90.360001
26, 	0.665957, 	90.599998
27, 	0.696854, 	90.349998
28, 	0.657071, 	90.509995
29, 	0.691056, 	90.180000
30, 	0.652146, 	90.439995
31, 	0.617536, 	90.540001
32, 	0.586324, 	90.649994
33, 	0.556516, 	90.860001
34, 	0.529300, 	91.059998
35, 	0.506473, 	91.099998
36, 	0.483239, 	91.349998
37, 	0.463385, 	91.389999
38, 	0.490640, 	91.119995
39, 	0.469125, 	91.209999
40, 	0.449314, 	91.290001
41, 	0.432860, 	91.399994
42, 	0.417221, 	91.479996
43, 	0.402566, 	91.529999
44, 	0.388621, 	91.659996
45, 	0.376696, 	91.769997
46, 	0.365697, 	91.849998
47, 	0.354747, 	91.989998
48, 	0.344944, 	92.119995
49, 	0.335824, 	92.259995
50, 	0.355194, 	91.979996
