1, 	0.607133, 	84.829994
2, 	0.328963, 	90.659996
3, 	0.251978, 	92.599998
4, 	0.225252, 	93.409996
5, 	0.203055, 	94.099998
6, 	0.171122, 	94.589996
7, 	0.169109, 	94.879997
8, 	0.142087, 	95.729996
9, 	0.139003, 	95.799995
10, 	0.124185, 	96.169998
11, 	0.119476, 	96.430000
12, 	0.117562, 	96.449997
13, 	0.113193, 	96.479996
14, 	0.110312, 	96.809998
15, 	0.108267, 	96.750000
16, 	0.106279, 	96.790001
17, 	0.098283, 	97.019997
18, 	0.098216, 	97.070000
19, 	0.101515, 	96.820000
20, 	0.099824, 	97.110001
21, 	0.095209, 	97.119995
22, 	0.092801, 	97.139999
23, 	0.091046, 	97.169998
24, 	0.088722, 	97.269997
25, 	0.089570, 	97.259995
26, 	0.087661, 	97.290001
27, 	0.088735, 	97.279999
28, 	0.090899, 	97.169998
29, 	0.088641, 	97.229996
30, 	0.087986, 	97.320000
31, 	0.086010, 	97.349998
32, 	0.085448, 	97.339996
33, 	0.084768, 	97.349998
34, 	0.085119, 	97.379997
35, 	0.083572, 	97.399994
36, 	0.083481, 	97.409996
37, 	0.081898, 	97.500000
38, 	0.083678, 	97.409996
39, 	0.081866, 	97.500000
40, 	0.083356, 	97.439995
41, 	0.079922, 	97.470001
42, 	0.081054, 	97.509995
43, 	0.082231, 	97.479996
44, 	0.078696, 	97.540001
45, 	0.081155, 	97.549995
46, 	0.081215, 	97.529999
47, 	0.078833, 	97.549995
48, 	0.079107, 	97.540001
49, 	0.077901, 	97.619995
50, 	0.078143, 	97.579994
