1, 	0.828236, 	82.209999
2, 	0.386401, 	89.519997
3, 	0.309477, 	91.159996
4, 	0.272302, 	92.089996
5, 	0.247553, 	92.930000
6, 	0.235803, 	93.059998
7, 	0.225292, 	93.169998
8, 	0.215072, 	93.399994
9, 	0.203387, 	93.729996
10, 	0.196039, 	93.909996
11, 	0.188790, 	94.169998
12, 	0.176190, 	94.519997
13, 	0.164789, 	94.879997
14, 	0.150818, 	95.279999
15, 	0.127426, 	96.019997
16, 	0.117527, 	96.290001
17, 	0.106189, 	96.649994
18, 	0.097469, 	96.949997
19, 	0.091747, 	97.059998
20, 	0.086125, 	97.360001
21, 	0.081191, 	97.459999
22, 	0.076836, 	97.570000
23, 	0.072654, 	97.669998
24, 	0.069776, 	97.769997
25, 	0.066889, 	97.820000
26, 	0.064257, 	97.989998
27, 	0.062246, 	97.989998
28, 	0.059861, 	98.049995
29, 	0.058003, 	98.089996
30, 	0.056505, 	98.119995
31, 	0.055483, 	98.169998
32, 	0.053273, 	98.250000
33, 	0.051712, 	98.329994
34, 	0.050676, 	98.349998
35, 	0.050447, 	98.360001
36, 	0.048538, 	98.399994
37, 	0.047345, 	98.489998
38, 	0.046230, 	98.459999
39, 	0.045579, 	98.509995
40, 	0.044910, 	98.559998
41, 	0.044322, 	98.549995
42, 	0.043281, 	98.570000
43, 	0.042953, 	98.509995
44, 	0.042156, 	98.589996
45, 	0.041536, 	98.599998
46, 	0.041042, 	98.629997
47, 	0.040605, 	98.659996
48, 	0.040367, 	98.619995
49, 	0.040286, 	98.669998
50, 	0.039212, 	98.750000
