1, 	0.721491, 	85.759995
2, 	0.376170, 	90.129997
3, 	0.305098, 	91.589996
4, 	0.272161, 	92.299995
5, 	0.254677, 	92.659996
6, 	0.240487, 	93.059998
7, 	0.229508, 	93.349998
8, 	0.224438, 	93.379997
9, 	0.225961, 	93.369995
10, 	0.225206, 	93.360001
11, 	0.224819, 	93.299995
12, 	0.231770, 	93.110001
13, 	0.238569, 	92.839996
14, 	0.236771, 	92.959999
15, 	0.245280, 	92.720001
16, 	0.251569, 	92.329994
17, 	0.254447, 	92.269997
18, 	0.261574, 	91.959999
19, 	0.264185, 	91.939995
20, 	0.276663, 	91.540001
21, 	0.290106, 	91.180000
22, 	0.291465, 	91.079994
23, 	0.291898, 	91.110001
24, 	0.292550, 	91.089996
25, 	0.290868, 	91.220001
26, 	0.299409, 	90.909996
27, 	0.303340, 	90.879997
28, 	0.308016, 	90.790001
29, 	0.311444, 	90.809998
30, 	0.308172, 	90.949997
31, 	0.302036, 	91.159996
32, 	0.296456, 	91.309998
33, 	0.298593, 	91.229996
34, 	0.296880, 	91.399994
35, 	0.292828, 	91.579994
36, 	0.292603, 	91.599998
37, 	0.297789, 	91.559998
38, 	0.308528, 	91.139999
39, 	0.315352, 	91.079994
40, 	0.306648, 	91.349998
41, 	0.305177, 	91.430000
42, 	0.302634, 	91.459999
43, 	0.313784, 	91.250000
44, 	0.308902, 	91.479996
45, 	0.295381, 	91.829994
46, 	0.301167, 	91.790001
47, 	0.307249, 	91.720001
48, 	0.306638, 	91.849998
49, 	0.316466, 	91.639999
50, 	0.328236, 	91.570000
